4
8 0 4 0
12 0 4 1
14 0 4 0
15 0 4 1
5
7 0 4 0
8 30 4 0
12 30 8 0
16 30 1 0
17 30 4 0
4
8 0 4 0
12 0 4 -1
14 0 4 0
15 0 4 -1
1
8 0 12 0
1
8 0 12 -1
3
8 0 4 0
12 0 4 0
16 0 4 0
3
8 0 4 0
9 0 4 0
10 0 4 0
4
8 0 4 0
12 0 4 0
15 59 1 0
16 0 4 0
4
8 0 4 0
12 0 4 0
15 59 0 0
16 0 4 0
6
8 0 4 1
10 0 3 1
12 0 2 1
14 0 1 1
15 0 3 0
18 0 2 1
3
8 0 4 0
12 0 4 0
16 0 4 0
4
8 0 4 0
12 0 4 1
14 0 4 0
15 0 4 1
5
7 0 4 0
8 30 4 0
12 30 8 0
16 30 1 0
17 30 4 0
1
8 00 100 0
1
8 00 100 1
5
8 00 4 1
8 15 5 0
10 00 2 1
12 00 9 0
16 15 4 0
3
8 00 4 0
12 00 4 0
16 00 4 0
3
8 15 4 0
12 00 4 0
16 00 4 0
3
8 00 4 0
11 59 4 0
16 00 4 0
6
8 00 2 -1
10 00 2 -1
12 00 2 1
14 00 2 88888
16 00 2 09999
18 00 2 88998
6
8 00 4 01
08 50 4 00
12 00 4 1
14 00 4 88888
16 00 4 -9999
18 00 4 88998
6
8 00 4 01
12 00 4 12321
14 00 2 -1
16 00 2 -1
18 00 2 -1
20 00 2 -1
6
8 0 8 0
13 26 9 0
21 31 2 3729
23 13 2 557
23 24 0 0
23 43 0 0
4
8 0 5 7395
8 31 8 0
14 45 3 7263
22 54 6 2970
9
8 0 0 0
11 21 2 -357
17 4 10 0
19 46 1 0
23 26 10 0
23 46 9 0
24 0 2 192
24 0 4 -5235
24 0 9 -6275
8
8 0 5 0
18 17 0 -8929
22 9 5 0
22 18 7 0
22 34 8 7260
23 26 1 0
24 0 4 0
24 0 9 0
10
8 0 10 5160
19 12 9 0
19 25 1 -7959
21 52 0 8005
22 36 10 0
23 30 10 3668
23 34 7 0
23 41 4 -7248
23 48 9 -5346
23 50 6 0
0
8
8 0 1 0
20 38 2 0
22 6 0 0
23 59 5 0
23 59 10 -4789
23 59 10 0
23 59 1 -3321
23 59 10 5027
5
8 0 7 0
19 44 5 0
21 32 1 0
23 30 5 7638
23 31 8 -7323
8
8 0 4 8319
8 56 2 0
20 33 9 0
21 59 8 0
22 37 0 0
23 13 6 0
23 54 0 6
23 54 5 -2168
5
8 0 8 3741
8 16 10 0
20 4 8 0
22 38 5 4215
23 51 5 0
10
8 0 1 -4396
8 18 1 4484
12 16 8 4112
23 0 3 -9518
23 47 4 0
23 49 7 -3997
23 50 0 0
23 56 5 2923
23 56 5 0
23 56 2 0
6
8 0 2 0
16 39 5 1978
21 35 10 0
22 37 4 0
23 32 7 0
23 39 5 0
2
8 0 1 -6728
19 43 7 0
2
8 0 6 0
8 35 0 -1383
5
8 0 8 0
13 55 10 0
21 50 1 0
23 43 6 0
23 49 6 0
1
8 0 5 -8645
5
8 0 1 -3821
17 47 9 8035
21 16 7 0
23 26 10 -2122
23 49 2 -3243
8
8 0 9 2424
15 24 5 0
19 52 8 0
23 13 4 -823
23 49 0 4489
23 52 5 -1738
23 56 4 -3042
23 56 5 0
0
3
8 0 5 5050
9 26 0 -4
11 0 10 0
3
8 0 7 2115
11 34 6 4886
15 8 2 0
2
8 0 9 0
21 50 8 -3905
9
8 0 7 9105
23 41 3 8409
23 55 3 0
24 0 2 -474
24 0 4 0
24 0 7 0
24 0 0 -8532
24 0 10 0
24 0 2 -3769
3
8 0 3 -758
17 41 9 3830
20 23 6 0
4
8 0 7 0
13 33 2 0
17 24 10 -8850
20 29 7 5453
1
8 0 4 0
8
8 0 2 7525
12 16 1 0
19 7 1 6739
21 4 6 0
23 12 8 2142
23 29 0 0
23 30 9 -4499
23 33 7 0
2
8 0 0 1123
17 37 8 8699
0
0
4
8 0 4 -1745
12 27 3 0
20 31 0 40
23 36 10 0
5
8 0 5 -1572
14 7 4 0
21 17 7 9040
22 28 8 3071
22 55 4 2416
4
8 0 3 0
9 15 3 -6294
19 18 10 -7678
22 2 3 0
6
8 0 8 0
10 18 5 7915
23 11 2 3157
23 27 4 2570
23 53 0 0
24 0 2 0
1
8 0 2 -8694
3
8 0 4 -3863
18 6 1 1630
18 15 4 7379
2
8 0 4 -4106
15 6 9 8957
6
8 0 4 0
22 33 5 3502
23 14 3 9879
23 39 2 0
23 46 3 0
23 48 5 -2603
5
8 0 2 0
20 18 8 -7120
21 54 0 -1701
22 59 4 -6776
23 54 0 0
2
8 0 10 0
19 11 4 0
5
8 0 4 7660
17 59 10 -824
19 27 7 0
22 39 0 8807
23 55 6 0
10
8 0 0 151
16 30 0 -8034
22 29 3 5355
22 56 6 -8057
23 4 6 0
23 20 2 0
23 28 8 2962
23 40 3 1961
23 44 2 0
23 59 3 -3923
9
8 0 10 3142
8 26 5 0
21 39 9 8182
22 15 3 0
23 24 2 -9807
23 31 9 6174
23 40 5 0
23 41 8 0
23 54 6 0
6
8 0 9 0
10 7 5 5427
19 21 8 0
20 25 7 0
22 56 5 0
23 46 1 0
2
8 0 10 0
22 30 1 0
4
8 0 8 2779
23 13 6 9345
23 37 2 3924
23 54 1 -477
8
8 0 1 0
14 33 8 3658
17 27 0 -1607
21 33 1 0
22 7 1 0
22 32 7 0
23 2 6 -8534
23 36 0 1988
0
9
8 0 3 0
16 37 5 0
20 29 2 4309
21 13 7 -8450
21 37 7 0
23 45 0 0
23 59 10 4221
23 59 1 0
23 59 9 0
10
8 0 5 0
21 57 3 -7917
23 50 9 5725
23 58 5 0
23 58 4 -8900
23 58 10 0
23 58 1 0
23 58 10 -3903
23 58 9 -5865
23 58 8 1651
7
8 0 7 -7320
10 56 8 0
20 16 6 0
21 11 10 2159
22 24 9 0
23 17 4 0
23 25 6 0
0
8
8 0 10 0
23 34 0 0
23 55 7 2767
24 0 5 0
24 0 2 0
24 0 10 4374
24 0 1 0
24 0 10 0
4
8 0 1 0
22 6 1 7113
22 46 9 0
23 0 10 0
3
8 0 0 0
19 43 0 0
22 59 9 0
4
8 0 6 0
11 42 2 2706
14 27 5 0
16 54 5 8233
10
8 0 8 0
18 59 4 0
20 31 9 -9004
20 51 6 -3049
23 44 0 0
23 46 5 4376
23 49 1 6788
23 50 7 0
23 59 1 970
23 59 5 -1573
4
8 0 3 -9415
9 10 7 0
10 9 6 511
17 19 4 0
9
8 0 1 0
11 34 2 0
21 9 8 0
23 21 3 6610
23 32 7 -3299
23 58 8 0
23 58 10 0
23 58 7 0
23 58 4 0
7
8 0 0 0
13 31 7 -8612
17 27 4 0
19 54 9 0
21 29 10 -9089
23 22 3 0
23 47 5 3007
7
8 0 1 0
10 47 9 2160
23 15 9 7900
23 53 10 0
23 54 3 5885
23 57 8 0
23 57 2 0
7
8 0 6 4659
13 15 8 0
21 29 0 7137
23 57 8 0
23 57 8 0
23 57 8 -5968
23 57 0 5205
10
8 0 0 0
9 8 6 -8395
14 38 10 -6044
18 0 0 0
19 4 10 -651
19 33 1 7208
22 2 10 -6147
22 20 3 0
23 8 10 -6943
23 40 4 0
7
8 0 6 4788
21 8 4 0
21 43 6 -6684
22 10 5 0
22 54 2 4369
23 22 3 9726
24 0 6 -5379
6
8 0 0 337
15 42 0 0
20 6 1 -7172
20 35 5 0
23 50 7 9771
23 53 4 -3886
1
8 0 7 -4590
6
8 0 2 0
18 38 10 -4614
20 31 10 5832
23 33 3 -2755
23 47 8 0
23 53 7 7326
9
8 0 9 -1783
9 22 4 0
13 23 0 849
20 49 2 -4104
22 31 8 1541
24 0 2 3257
24 0 8 0
24 0 5 9160
24 0 6 -8286
1
8 0 4 8854
3
8 0 2 0
22 3 0 0
22 33 0 0
9
8 0 9 7901
8 49 2 -7142
15 10 1 0
23 48 6 -6118
23 49 8 -9685
23 52 1 0
23 59 1 0
23 59 7 3690
23 59 10 0
0
8
8 0 3 0
15 3 9 -9562
21 32 3 -2841
23 44 2 7588
23 53 1 0
23 56 7 0
23 56 9 0
23 56 8 1467
2
8 0 8 9243
8 55 0 0
9
8 0 6 -2561
22 33 10 0
22 49 10 0
23 18 3 5930
23 52 5 2101
23 58 1 0
23 58 3 9555
23 58 5 0
23 58 7 5572
7
8 0 7 0
22 26 1 -2848
23 3 1 0
23 57 1 0
23 57 9 0
23 57 2 0
23 57 9 0
9
8 0 2 0
22 27 2 6415
23 50 9 -8645
23 54 3 -1332
23 59 0 0
23 59 2 -5484
23 59 4 0
23 59 10 0
23 59 5 5663
7
8 0 5 0
22 46 9 0
23 29 3 0
23 58 10 4513
23 58 9 3424
23 58 5 0
23 58 6 0
10
8 0 1 -8914
18 16 10 0
21 14 5 0
22 37 9 0
23 34 3 0
23 49 6 0
23 57 5 -2795
23 57 0 0
23 57 0 -9349
23 57 3 0
0
1
8 0 3 0
4
8 0 7 0
17 0 3 -204
17 27 0 0
20 33 10 529
3
8 0 9 0
11 47 0 0
23 42 5 6807
6
8 0 5 9849
21 0 0 7434
23 33 8 0
23 57 5 0
23 57 6 5218
23 57 9 0
0
9
8 0 0 4609
19 41 7 0
23 6 5 0
23 51 7 0
23 52 7 0
23 54 6 0
23 59 9 -3326
23 59 8 7782
23 59 0 0
3
8 0 4 0
22 46 8 -3343
23 0 6 618
5
8 0 7 2211
9 18 4 5320
14 19 7 0
22 27 1 -2725
23 6 6 0
1
8 0 2 0
2
8 0 8 0
20 36 10 7483
8
8 0 4 1873
11 2 3 8017
19 12 7 5104
23 57 9 0
23 57 0 0
23 57 9 8363
23 57 5 9230
23 57 1 8628
9
8 0 6 0
23 12 1 0
23 25 0 -2519
23 37 0 0
23 38 7 0
23 57 7 0
23 57 9 0
23 57 10 0
23 57 2 111
8
8 0 5 1498
22 40 0 0
23 57 6 0
23 58 1 5369
23 58 6 0
23 58 0 -5878
23 58 10 0
23 58 7 7350
4
8 0 6 0
9 48 7 0
14 54 1 -5452
15 56 1 0
5
8 0 9 3705
9 9 0 7703
15 12 5 0
15 16 0 0
21 11 3 0
4
8 0 6 1737
20 58 10 0
22 28 2 0
23 52 10 0
4
8 0 1 -9337
23 35 10 0
23 52 3 0
24 0 0 0
3
8 0 3 0
19 21 10 0
22 18 0 6513
6
8 0 9 0
9 43 2 0
12 33 10 -8339
23 56 2 9816
24 0 4 -1909
24 0 8 0
3
8 0 3 0
18 43 5 2227
20 1 1 -8793
7
8 0 5 0
12 45 6 7000
19 57 1 5223
21 33 2 0
22 47 8 4418
22 51 9 -5109
22 54 3 0
4
8 0 5 3926
9 40 9 0
10 38 4 0
20 58 4 5139
1
8 0 1 -1713
4
8 0 9 8513
10 48 5 0
21 18 4 0
23 46 1 -2852
1
8 0 6 783
7
8 0 4 0
22 42 10 -6524
23 19 2 0
23 31 2 -7827
23 35 6 -3159
23 54 7 1890
23 57 4 0
9
8 0 1 0
22 20 10 0
23 17 10 -291
23 57 7 6092
23 57 0 7081
23 57 8 1525
23 57 10 0
23 57 9 0
23 57 8 0
7
8 0 1 0
17 33 6 0
18 39 3 0
20 2 1 0
23 41 8 9088
23 52 3 0
23 56 7 -6886
5
8 0 6 -4876
16 55 5 0
19 3 0 -507
21 27 0 0
22 45 3 0
2
8 0 5 -8449
19 54 9 0
7
8 0 8 0
14 15 8 0
14 39 6 -3010
17 57 3 0
21 48 10 0
23 34 5 -6234
23 58 7 6726
3
8 0 10 0
12 17 6 0
17 32 6 0
1
8 0 1 5868
4
8 0 1 0
17 26 7 -953
23 13 7 -6229
23 23 9 9648
9
8 0 0 0
11 33 3 9176
17 25 9 0
20 2 7 0
23 36 4 -3932
23 46 8 -8313
23 54 7 0
23 54 3 4923
23 54 10 0
7
8 0 5 -3824
22 49 10 0
23 11 7 0
23 17 10 6886
23 53 0 0
23 54 10 0
23 57 9 0
0
4
8 0 2 0
11 47 7 -8190
23 10 2 8550
23 14 1 0
7
8 0 9 0
14 31 1 -282
17 4 7 6049
18 41 9 1032
20 58 10 0
22 4 0 0
22 48 1 -8138
5
8 0 5 0
12 2 9 387
18 50 4 9326
20 16 9 0
20 25 10 0
7
8 0 9 0
14 42 1 4849
19 35 9 7575
20 52 9 -1335
22 20 4 -6247
23 29 3 0
23 57 7 0
4
8 0 7 0
9 24 3 0
17 53 3 -4399
22 50 3 -6579
0
8
8 0 1 5756
18 11 7 0
23 15 6 0
23 22 6 0
23 56 1 -1113
23 56 9 3801
23 56 2 2589
23 56 5 0
0
9
8 0 9 0
20 48 3 4568
23 32 6 -1813
23 43 1 0
23 52 0 0
23 55 4 0
23 55 1 3767
23 55 10 4044
23 55 6 0
8
8 0 9 0
10 56 8 0
11 32 2 0
15 39 1 0
17 10 7 0
17 18 3 0
19 47 9 0
20 33 2 2298
7
8 0 4 0
17 27 10 0
19 36 3 0
23 12 7 0
23 48 2 911
23 51 3 0
23 55 3 -2614
5
8 0 0 0
18 28 6 2697
20 56 6 -6126
21 32 4 -1313
22 16 1 0
10
8 0 0 -657
23 5 0 -4562
23 14 10 -5004
23 38 2 -3920
23 53 4 -8996
23 59 5 -856
23 59 7 -7964
23 59 4 0
23 59 0 0
23 59 9 0
4
8 0 1 0
10 19 7 0
21 53 0 9041
22 44 0 -8193
2
8 0 0 -3146
15 40 1 5548
9
8 0 2 0
18 3 0 0
20 4 6 372
21 20 8 4405
22 56 7 2680
23 57 5 -4481
23 57 8 -5040
23 57 6 0
23 57 10 4116
0
1
8 0 5 0
6
8 0 3 0
19 58 3 -359
22 24 10 0
22 49 0 0
23 42 2 0
23 49 6 0
7
8 0 1 0
11 40 8 -1287
15 10 1 0
20 36 7 -3389
23 33 7 0
23 52 1 0
23 57 10 2917
10
8 0 6 -705
15 30 9 657
23 50 0 0
24 0 4 4132
24 0 0 -4963
24 0 9 -8818
24 0 9 0
24 0 2 5466
24 0 6 -5060
24 0 3 0
1
8 0 9 -9770
5
8 0 2 4463
10 27 7 -7915
21 24 4 -9284
23 50 4 0
23 59 7 0
3
8 0 7 0
14 32 9 0
15 3 7 8780
10
8 0 3 3987
18 35 6 8074
19 1 10 -1112
19 51 3 0
19 52 2 0
19 54 10 -5843
23 45 9 -1663
23 58 4 -9910
23 58 7 0
23 58 0 0
9
8 0 4 -819
22 54 0 0
23 57 0 0
23 59 5 9203
23 59 8 1226
23 59 9 5855
23 59 3 4434
23 59 2 -3283
23 59 7 0
8
8 0 1 0
11 46 4 9948
21 54 1 0
22 49 10 7604
23 4 1 672
23 45 5 0
23 56 10 0
23 56 2 -2181
4
8 0 1 -8070
15 25 7 0
20 57 4 7757
23 54 6 8887
6
8 0 3 1376
14 50 5 0
17 31 8 0
20 34 2 497
20 57 4 0
21 53 6 0
1
8 0 5 0
5
8 0 6 0
17 14 5 0
17 23 4 0
20 9 8 7206
23 8 9 -8764
10
8 0 4 -5644
21 53 1 0
22 47 8 -5525
23 32 6 0
23 59 2 9243
23 59 7 8463
23 59 1 -8251
23 59 9 2255
23 59 9 -3784
23 59 7 0
9
8 0 5 0
23 22 10 -8101
23 57 4 -1180
24 0 9 1770
24 0 2 1648
24 0 0 6307
24 0 10 0
24 0 5 -4087
24 0 4 0
10
8 0 1 0
19 58 9 -768
22 0 9 0
22 6 9 5847
23 9 9 1802
23 28 9 0
23 46 4 -6663
23 48 10 -1110
23 52 4 6086
23 52 6 -9648
2
8 0 10 -5590
19 33 5 -5680
7
8 0 9 0
16 58 10 0
22 51 6 0
23 36 6 -6782
23 40 8 -903
23 47 2 0
23 56 1 5720
5
8 0 1 0
11 41 5 -3508
18 55 10 0
22 59 6 0
23 2 9 -9319
4
8 0 6 0
23 2 6 -9508
23 24 5 0
23 25 8 -9662
10
8 0 5 -7296
14 12 5 -9011
20 44 8 0
22 20 2 0
23 10 8 -1423
23 43 4 0
23 58 7 -9168
23 58 3 0
23 58 7 -1349
23 58 5 0
2
8 0 2 0
8 13 8 -6590
1
8 0 8 1135
8
8 0 5 0
20 10 4 -680
21 48 7 0
21 54 1 0
23 28 0 -2166
23 44 8 0
23 53 7 4223
23 57 5 0
5
8 0 1 0
8 40 4 -5366
19 10 9 0
22 2 6 -7376
22 48 1 0
3
8 0 6 0
20 27 1 -4017
23 58 6 0
9
8 0 1 -473
10 11 4 -881
11 15 1 -1032
15 37 2 5193
21 43 9 -7090
23 56 2 0
23 56 9 0
23 56 4 0
23 56 7 -1046
7
8 0 3 -3310
9 21 5 -2739
16 25 9 0
19 56 7 0
22 34 6 8133
23 19 10 0
23 55 4 -1202
9
8 0 6 4869
21 55 3 4132
24 0 3 -9784
24 0 2 -8398
24 0 8 0
24 0 1 0
24 0 1 -6839
24 0 4 0
24 0 10 7463
0
8
8 0 5 0
22 50 5 0
22 54 4 3505
23 5 8 0
23 42 7 -2238
23 54 4 -5364
23 57 1 0
23 57 2 0
3
8 0 1 0
13 20 4 0
13 25 5 0
0
2
8 0 1 0
13 29 9 0
10
8 0 9 9578
13 29 6 -7468
19 15 6 953
23 11 6 -4447
23 17 7 -2938
23 41 0 0
23 57 0 -2045
23 57 7 0
23 57 9 -4741
23 57 8 2116
10
8 0 1 -8641
23 11 2 9962
23 14 0 9413
23 40 3 -1032
23 47 2 -9705
23 50 4 0
24 0 4 -8172
24 0 4 4768
24 0 0 7475
24 0 8 0
5
8 0 1 0
11 17 8 0
20 39 0 -412
22 40 9 0
23 4 10 0
8
8 0 6 1907
9 24 0 0
22 4 3 0
22 21 6 -1158
23 23 4 8100
23 36 5 3365
23 40 4 0
23 43 1 8138
0
5
8 0 10 0
10 31 2 478
20 13 8 0
21 6 4 5295
22 9 1 -446
3
8 0 2 0
9 24 8 -4898
11 15 10 0
10
8 0 2 0
17 48 0 -821
20 32 8 0
21 47 2 0
22 20 10 2233
22 34 8 5394
23 16 2 2335
23 47 6 945
23 51 9 0
23 52 0 -5446
6
8 0 8 0
10 14 0 -3738
12 2 10 9145
20 22 2 0
22 41 6 -5239
23 38 9 0
7
8 0 2 0
19 44 3 0
22 44 5 2254
23 36 2 -6491
23 58 7 1661
23 58 4 0
23 58 4 4044
1
8 0 0 -4600
4
8 0 7 -9343
22 42 3 0
23 6 3 0
23 51 5 0
5
8 0 2 6892
14 8 3 -9489
22 4 2 -1852
23 15 1 -3642
23 39 8 7301
10
8 0 7 -2935
18 53 10 2062
21 12 9 0
22 5 5 1096
22 42 1 0
23 26 4 -5589
23 31 9 0
23 37 0 0
23 53 6 0
23 53 7 0
8
8 0 7 0
13 11 8 4515
18 29 5 0
23 28 9 1595
23 49 7 -3693
23 55 3 2728
23 55 4 8653
23 55 6 3983
1
8 0 6 0
5
8 0 9 3121
11 57 1 0
12 25 3 0
21 10 0 0
23 59 10 2855
1
8 0 7 8532
1
8 0 0 0
2
8 0 2 -8693
21 44 5 0
7
8 0 4 6776
9 1 3 -2517
20 41 7 5248
21 4 6 2051
23 27 8 0
23 28 10 0
23 33 2 0
10
8 0 7 0
19 2 1 -2393
22 44 7 4578
23 49 9 0
23 58 5 0
23 58 1 0
23 58 9 0
23 58 3 0
23 58 3 -1512
23 58 0 0
3
8 0 3 422
8 40 4 0
8 50 8 -3560
7
8 0 2 0
11 51 4 -6256
12 33 1 5346
13 23 9 7434
20 18 9 0
23 18 7 -8354
23 59 8 0
10
8 0 10 0
17 16 5 0
18 33 1 0
19 31 5 -4277
22 22 7 -5223
22 35 7 9080
23 31 5 -2479
23 50 8 -6353
23 59 8 0
23 59 5 8109
8
8 0 5 0
12 2 5 0
15 39 2 -1561
22 47 1 0
23 39 10 -8088
23 53 5 0
23 59 8 0
23 59 9 0
7
8 0 10 0
17 30 7 0
20 22 1 4239
22 36 4 0
23 9 10 0
23 16 7 0
23 17 8 0
4
8 0 6 0
17 18 9 649
23 13 5 -1472
23 25 9 -5330
0
6
8 0 10 0
9 14 2 0
14 24 6 0
18 37 6 1847
22 19 2 -7030
23 35 3 0
10
8 0 6 3017
20 53 8 6762
22 39 7 0
23 9 9 -4383
23 22 5 0
23 40 6 -4548
23 52 2 740
23 56 4 -746
23 56 6 0
23 56 2 0
6
8 0 7 0
16 59 7 0
23 14 0 0
23 32 5 0
23 39 7 0
23 44 2 0
9
8 0 5 -7213
21 27 0 0
23 58 2 0
23 58 5 0
23 58 0 0
23 58 9 0
23 58 0 -4764
23 58 0 -3925
23 58 4 0
0
1
8 0 4 8761
1
8 0 8 0
2
8 0 1 35
14 26 8 -7270
5
8 0 0 -4925
19 34 0 0
20 38 7 0
20 44 10 0
20 51 0 1013
7
8 0 8 0
22 44 1 0
23 22 6 -1202
23 52 1 0
23 53 8 -6713
23 58 1 2661
23 58 4 -4591
6
8 0 5 0
8 34 5 0
20 27 5 6419
22 11 1 -7107
22 34 2 4309
23 19 0 0
10
8 0 0 2489
22 4 3 -1162
22 20 7 0
22 23 6 -6250
23 19 7 8524
23 56 4 0
23 56 1 0
23 56 8 -6392
23 56 9 0
23 56 8 0
4
8 0 4 0
19 5 1 1950
20 54 10 -2885
22 23 2 4223
0
9
8 0 10 0
19 17 5 0
22 48 2 4208
23 37 2 5261
23 40 0 0
23 55 1 0
23 55 5 220
23 55 5 9611
23 55 10 -803
7
8 0 0 4865
9 26 6 0
12 49 5 0
23 44 6 9147
23 47 10 5398
23 49 6 0
23 57 8 -5137
9
8 0 8 0
10 36 6 0
14 0 8 0
19 23 5 0
20 4 3 -1816
20 43 7 -2841
23 1 9 0
23 20 9 -2695
23 33 3 -4771
4
8 0 2 3770
8 47 9 0
16 27 6 -5715
23 55 4 0
0
7
8 0 8 6975
8 20 3 6905
15 33 3 0
15 34 5 0
21 56 9 2403
22 15 5 -4621
22 38 1 0
4
8 0 4 -7697
23 43 6 9788
24 0 6 3088
24 0 7 3533
4
8 0 7 0
12 7 4 0
21 44 1 0
22 46 6 0
8
8 0 10 6592
14 33 6 9627
14 58 3 0
23 41 9 5860
23 46 7 0
23 53 9 -9893
23 58 7 -5046
23 58 3 2269
3
8 0 5 0
16 26 0 8813
22 16 1 9894
6
8 0 6 -4168
16 30 5 -846
18 31 4 0
21 7 0 -4594
22 13 9 9251
23 30 6 0
6
8 0 2 -7372
18 16 9 177
18 57 3 -3325
20 19 5 0
22 59 8 0
23 31 1 0
10
8 0 9 0
22 8 3 6892
23 40 1 -6910
23 51 4 0
23 58 4 9297
23 58 3 0
23 58 3 0
23 58 10 0
23 58 10 -2765
23 58 5 9897
9
8 0 6 6962
20 0 5 -1430
21 0 4 6689
23 28 3 0
23 33 5 0
23 58 9 1591
23 58 3 3922
23 58 3 0
23 58 1 0
5
8 0 9 0
9 55 10 0
13 37 4 0
17 20 8 0
19 27 4 0
10
8 0 2 0
12 39 8 -7469
16 19 3 3728
21 6 1 -9637
23 48 0 -9829
23 52 9 0
23 58 6 -3447
23 58 6 0
23 58 6 0
23 58 8 0
5
8 0 9 0
10 45 4 0
13 24 5 4359
15 42 7 0
21 55 0 -2704
10
8 0 1 0
12 43 4 0
15 0 6 0
20 59 2 0
23 31 1 0
23 56 5 0
23 56 5 0
23 56 4 0
23 56 9 -5622
23 56 4 0
7
8 0 3 -6701
12 40 7 -6318
17 25 4 8829
19 15 4 -4356
23 33 3 0
23 49 9 0
23 56 1 0
4
8 0 7 0
11 25 8 4321
18 24 0 0
18 39 10 -3109
4
8 0 3 0
20 42 10 -5113
21 39 4 8520
22 20 7 0
8
8 0 3 0
18 57 2 -9889
19 49 8 1810
22 49 10 2784
23 24 7 1481
23 29 2 0
23 55 1 0
23 55 7 -4544
7
8 0 10 0
14 21 1 8146
15 30 9 862
20 0 9 0
21 2 7 0
21 37 5 0
23 18 0 0
5
8 0 3 8501
13 7 3 0
22 24 7 9582
23 21 9 0
23 58 5 0
0
8
8 0 1 -6960
23 26 6 0
23 41 0 8092
23 48 9 629
23 49 5 -7624
24 0 1 0
24 0 5 0
24 0 9 0
6
8 0 1 3152
13 22 5 0
19 59 1 0
20 22 9 0
20 56 10 0
22 20 5 3094
3
8 0 9 0
19 58 4 0
23 23 1 -2165
9
8 0 5 0
21 23 7 0
22 28 8 0
23 25 9 0
23 51 0 2693
23 55 9 -1188
23 55 0 -18
23 55 3 -8224
23 55 7 5337
6
8 0 0 -8767
10 11 0 0
15 28 1 5353
19 53 9 2376
23 7 9 3418
23 34 6 0
4
8 0 5 0
8 57 0 2243
18 56 4 0
22 30 0 -7338
10
8 0 9 0
9 33 8 -7831
21 35 2 -9805
21 41 6 0
21 43 7 78
23 28 7 0
23 59 10 7365
23 59 5 2273
23 59 4 0
23 59 9 9631
4
8 0 2 0
18 2 2 0
18 28 8 1324
20 35 10 -3149
6
8 0 0 0
22 32 9 2456
23 6 3 0
23 52 9 0
23 59 9 5643
23 59 2 0
4
8 0 5 710
17 0 2 134
17 56 9 0
22 23 1 0
0
0
9
8 0 2 0
14 8 0 6963
21 36 1 0
21 51 7 0
22 17 6 -3982
22 29 5 0
23 34 5 0
23 51 8 0
23 54 7 0
6
8 0 4 -4476
22 9 7 0
23 9 0 2462
23 51 10 -7967
23 54 2 2457
24 0 9 -1712
3
8 0 2 -3617
23 59 2 394
23 59 10 2216
0
3
8 0 4 0
16 9 6 0
23 23 9 -2632
5
8 0 6 7656
20 58 7 5773
23 15 7 -5379
24 0 8 0
24 0 4 -3571
7
8 0 1 7198
9 0 9 0
16 2 8 921
19 26 2 0
21 21 0 -1036
23 3 3 -4642
23 32 1 5677
1
8 0 2 -1597
8
8 0 10 0
19 53 5 0
20 28 0 -5343
23 13 6 0
23 58 2 1764
23 58 10 0
23 58 10 4444
23 58 6 0
8
8 0 8 0
13 33 8 0
18 9 7 -4599
23 6 2 -6218
23 24 7 -4574
23 48 3 7279
23 50 0 2743
23 52 9 6846
2
8 0 0 0
23 0 8 3749
8
8 0 5 -3241
21 27 5 -6558
21 41 3 -7902
22 54 10 0
23 22 3 -1607
24 0 3 0
24 0 3 -7937
24 0 1 5909
8
8 0 1 0
16 23 10 -1089
21 32 2 0
22 26 9 7259
23 15 4 0
23 26 4 0
24 0 10 3202
24 0 4 -7916
7
8 0 0 3424
21 22 8 0
22 8 3 0
22 16 9 0
22 57 4 -9279
23 7 10 6968
23 12 10 -3159
8
8 0 8 4504
18 46 6 -6184
22 38 7 0
23 41 10 -3554
23 57 4 7020
23 57 6 0
23 57 6 0
23 57 2 -9147
7
8 0 8 6734
18 28 1 0
20 16 1 0
20 38 2 0
22 24 4 0
22 54 4 0
23 56 7 0
9
8 0 9 -102
8 2 7 0
15 5 7 -6786
18 21 5 2084
21 17 7 8484
23 50 8 0
23 56 6 -7961
23 56 3 -325
23 56 8 5253
2
8 0 0 0
19 52 5 1474
3
8 0 9 -3413
10 20 7 -3935
22 43 3 -1034
2
8 0 5 0
13 8 1 -9423
10
8 0 8 -7499
10 6 5 0
13 14 3 0
14 52 6 3546
16 31 9 0
21 4 1 0
22 10 0 4706
22 27 6 0
23 49 5 598
23 50 5 -6080
8
8 0 4 0
17 59 5 -3206
23 56 9 0
24 0 10 0
24 0 3 -7517
24 0 2 0
24 0 9 0
24 0 0 0
9
8 0 9 4728
16 18 6 -600
19 51 8 0
20 18 6 0
20 55 5 -6915
22 19 1 0
23 24 6 0
23 55 4 0
23 55 8 0
4
8 0 7 0
10 11 9 -2634
11 22 2 -4582
23 8 9 0
7
8 0 3 0
22 30 9 0
23 49 0 3544
23 57 8 -6535
23 57 1 1348
23 57 0 0
23 57 9 0
3
8 0 4 -8905
13 1 7 0
14 22 10 -5218
5
8 0 7 8230
10 26 9 7601
20 25 1 0
20 31 5 -355
21 39 10 6112
0
10
8 0 4 2605
14 19 6 0
23 43 4 0
23 56 10 2978
23 57 6 0
23 57 3 0
23 57 8 0
23 57 0 8262
23 57 9 0
23 57 1 0
2
8 0 10 0
11 6 6 8904
2
8 0 10 0
22 45 1 8544
2
8 0 7 0
9 0 4 -6563
1
8 0 6 0
4
8 0 4 9382
8 35 9 -6321
11 16 5 0
18 19 3 0
2
8 0 6 0
20 38 9 0
6
8 0 3 0
15 30 10 0
19 28 3 -9348
23 29 2 0
23 56 6 0
23 56 8 8971
6
8 0 2 0
16 52 8 0
20 23 1 1812
22 53 0 4394
23 30 4 -9106
24 0 1 0
9
8 0 3 0
21 13 1 0
22 4 2 0
23 4 8 4299
23 7 6 0
23 23 3 2890
23 47 8 -1386
23 55 0 0
23 55 10 2992
4
8 0 1 0
9 18 1 1192
12 43 6 5937
17 43 0 0
2
8 0 6 -9505
8 14 9 0
5
8 0 6 0
17 12 6 0
23 14 9 -9344
23 22 4 0
23 46 8 0
7
8 0 1 -9666
12 54 3 8288
23 3 2 -7971
23 37 9 0
23 46 9 0
23 57 5 -8219
23 57 7 0
0
0
5
8 0 2 0
9 2 4 0
10 18 5 0
18 40 6 0
22 15 8 0
4
8 0 4 777
15 56 3 0
23 1 7 0
23 35 8 -4987
8
8 0 8 -1827
23 31 7 1988
23 59 6 0
23 59 3 0
23 59 0 0
23 59 1 -8997
23 59 6 0
23 59 8 0
5
8 0 7 0
15 35 4 -7325
18 17 4 8844
21 32 2 0
23 57 0 0
0
9
8 0 6 0
9 53 4 0
22 59 2 -9153
23 22 4 -9243
23 34 7 9073
23 44 2 -929
23 46 3 -7995
23 55 0 0
23 55 0 0
1
8 0 8 6919
5
8 0 10 8991
16 14 0 5614
22 10 7 -131
23 0 3 0
23 3 4 -3616
9
8 0 4 0
22 24 4 0
23 19 5 8306
23 49 8 0
23 57 4 0
23 57 8 0
23 57 2 0
23 57 4 0
23 57 1 9932
2
8 0 0 7351
16 33 7 7469
1
8 0 1 0
0
9
8 0 8 0
18 38 2 8471
21 16 5 9773
23 26 7 -3887
23 56 2 0
23 56 3 6914
23 56 10 0
23 56 2 -1923
23 56 3 0
2
8 0 2 0
22 39 4 -4632
1
8 0 5 0
4
8 0 1 0
11 49 2 0
21 0 3 0
22 42 6 0
1
8 0 8 863
1
8 0 5 -1521
6
8 0 1 7567
13 46 0 0
22 12 6 0
23 23 2 0
23 32 7 0
23 47 7 2039
3
8 0 8 6207
15 44 0 0
21 4 1 0
0
4
8 0 10 725
20 18 1 6138
21 11 2 -9916
22 9 9 -9939
7
8 0 4 1155
9 41 8 0
18 58 6 0
21 7 2 -8427
21 26 9 3794
23 14 7 -1206
23 15 1 -6410
3
8 0 0 -3991
16 36 6 0
22 38 0 0
7
8 0 5 515
15 43 4 -4304
15 46 10 1424
19 18 9 0
23 44 5 0
23 52 3 0
23 59 7 -2373
9
8 0 0 0
18 44 9 0
20 45 8 0
21 43 7 0
21 58 5 1005
23 30 9 0
23 54 2 0
23 54 9 -8975
23 54 4 -7906
0
9
8 0 1 -2406
16 30 5 0
20 18 10 2957
20 40 6 -652
21 52 6 0
22 21 8 -1270
22 57 9 0
23 30 2 0
23 32 10 2990
1
8 0 7 0
3
8 0 1 0
11 0 0 -9313
23 49 2 325
3
8 0 7 0
15 38 7 628
16 4 6 5080
7
8 0 5 0
21 47 1 0
22 41 6 -2926
23 59 6 0
23 59 3 -3440
23 59 2 0
23 59 1 4095
2
8 0 2 1329
13 1 3 0
1
8 0 4 0
4
8 0 9 0
8 51 8 0
21 39 3 7698
23 16 10 4787
5
8 0 5 0
17 50 5 9752
23 54 3 -9127
23 57 2 -1578
23 57 7 -9398
1
8 0 4 4313
7
8 0 4 -6717
13 9 1 2640
13 10 9 9726
18 52 0 -2486
19 19 8 0
19 35 2 0
22 43 8 -3720
1
8 0 3 5389
5
8 0 7 0
14 44 8 9208
16 13 7 9961
22 9 1 -1146
22 41 1 -116
9
8 0 7 0
19 41 4 0
21 48 5 4111
22 1 1 0
23 34 1 0
23 42 7 0
24 0 6 0
24 0 5 2310
24 0 8 -6834
7
8 0 8 4576
15 45 9 4480
23 44 4 7477
23 57 5 0
23 57 9 -6525
23 57 1 0
23 57 1 0
1
8 0 3 3949
7
8 0 6 0
12 53 0 0
22 54 1 1069
23 22 5 0
23 50 6 -5855
23 52 7 0
23 55 10 0
0
5
8 0 4 0
12 22 9 0
15 16 5 5060
22 51 3 -4232
23 7 7 2405
5
8 0 5 0
11 55 4 0
12 47 1 0
20 25 5 0
21 14 7 0
1
8 0 7 7472
5
8 0 10 -3864
22 21 2 0
23 54 5 0
23 59 6 0
23 59 1 0
5
8 0 10 -401
17 50 5 9930
22 49 6 -3913
23 47 10 0
23 53 4 0
2
8 0 3 0
11 47 8 -7040
1
8 0 5 0
3
8 0 10 -8494
19 31 4 0
20 9 4 0
2
8 0 1 1492
22 2 8 -2052
9
8 0 1 0
16 22 8 0
19 12 8 9646
20 20 10 -1716
22 7 3 0
22 57 0 -1031
23 40 4 3764
23 59 5 0
23 59 1 -3314
10
8 0 7 0
20 44 9 0
22 45 6 0
23 6 2 0
23 35 6 0
23 53 5 -4835
23 57 4 1185
23 57 10 0
23 57 6 0
23 57 2 -7489
7
8 0 9 0
18 56 3 -4016
22 30 1 9738
23 8 9 -4386
23 52 4 -9935
23 59 1 -7703
23 59 2 0
5
8 0 6 0
20 23 3 -4500
22 40 3 0
23 46 8 6232
23 59 7 1667
4
8 0 9 0
21 1 5 -5437
23 7 1 -5052
23 18 3 0
5
8 0 4 -5183
22 55 4 -9235
23 2 9 0
23 21 2 0
23 42 4 9048
5
8 0 6 -7176
17 43 7 0
18 57 3 -2320
22 2 4 -8697
22 13 4 0
10
8 0 4 -9170
16 20 5 0
17 0 1 0
22 12 8 -9681
23 20 2 0
23 45 8 0
23 55 9 -4400
23 55 9 0
23 55 1 0
23 55 10 0
0
4
8 0 5 0
15 43 0 0
21 58 4 0
22 58 4 -877
5
8 0 10 5362
11 32 7 0
22 22 4 0
23 39 7 4481
23 47 9 -392
4
8 0 2 0
18 48 0 0
19 31 6 0
23 45 2 4584
3
8 0 9 0
20 14 5 0
20 20 8 0
8
8 0 5 0
23 33 3 0
23 36 5 0
23 42 2 7995
23 45 9 0
23 54 4 0
23 57 2 -8678
23 57 8 0
0
5
8 0 10 0
12 36 9 0
18 55 8 2519
23 36 3 8185
23 40 8 0
4
8 0 5 -4772
8 25 2 4945
10 10 1 -8103
20 58 9 0
5
8 0 8 3410
13 51 1 0
21 46 5 0
22 25 7 0
23 46 0 0
7
8 0 9 5220
21 40 10 0
23 26 0 -7172
23 52 9 7945
23 55 6 0
24 0 8 0
24 0 0 0
6
8 0 9 0
8 24 6 0
14 8 2 0
23 46 9 0
24 0 8 -8694
24 0 2 -4978
9
8 0 3 0
13 12 7 0
23 55 2 2475
23 58 6 -9149
23 58 6 0
23 58 3 -6841
23 58 3 0
23 58 4 -8084
23 58 10 -1756
8
8 0 6 -7805
8 15 2 -9953
9 21 8 0
13 2 6 7551
19 9 9 0
20 16 9 9236
22 26 1 0
22 40 1 0
2
8 0 8 1257
16 5 4 0
2
8 0 0 -7209
8 14 7 0
10
8 0 5 4933
20 22 9 0
21 10 4 -2982
23 44 6 6167
24 0 1 4000
24 0 4 0
24 0 2 0
24 0 4 -1417
24 0 8 9421
24 0 9 2945
2
8 0 3 -5083
20 35 4 0
5
8 0 4 0
20 37 7 0
23 6 7 4824
23 22 0 0
23 42 8 0
9
8 0 7 0
8 23 10 -8630
12 43 3 0
23 13 3 -2869
23 56 9 2741
23 56 1 0
23 56 1 0
23 56 0 0
23 56 5 2716
3
8 0 5 0
11 30 10 891
18 5 3 0
8
8 0 10 0
18 0 7 1049
23 44 6 -9123
23 50 3 -6894
23 56 0 0
23 56 3 0
23 56 10 0
23 56 1 0
3
8 0 5 0
23 55 5 0
23 59 5 0
1
8 0 4 4710
5
8 0 2 0
16 8 10 3569
20 22 5 -8846
22 28 9 0
22 30 6 7895
7
8 0 10 9250
23 15 1 4089
23 32 5 4204
23 48 9 6452
23 53 6 0
23 54 9 0
24 0 1 -993
1
8 0 10 0
2
8 0 4 0
11 18 6 -9726
5
8 0 4 0
16 54 0 54
18 56 5 -5626
19 34 6 -7774
22 30 2 -2809
0
4
8 0 10 -7347
18 8 5 6260
18 14 6 0
22 11 0 -7147
7
8 0 1 0
20 35 10 -4587
22 11 1 -7162
23 26 1 -9113
23 31 7 9459
24 0 10 6978
24 0 10 -9426
1
8 0 8 -913
5
8 0 4 -59
21 59 8 9734
22 21 1 0
23 2 4 -7111
23 10 6 -3217
5
8 0 5 -477
9 12 4 -9623
10 44 6 0
14 46 9 0
21 32 1 0
3
8 0 8 -1015
15 36 5 0
21 23 2 5789
5
8 0 3 0
16 13 8 407
17 30 1 -4952
19 41 3 0
20 24 4 0
3
8 0 10 9374
8 37 3 -2240
11 32 6 -8719
6
8 0 9 0
8 24 5 -3438
19 35 9 0
21 34 2 0
22 34 5 0
23 51 2 -5817
10
8 0 3 0
13 17 6 2279
14 29 1 0
21 10 7 -1395
23 41 8 0
23 42 9 0
23 54 0 6283
23 54 5 0
23 54 9 8063
23 54 9 3318
10
8 0 6 -869
20 52 0 0
23 44 2 0
23 56 2 -3268
24 0 5 0
24 0 2 7831
24 0 0 0
24 0 4 0
24 0 10 3095
24 0 10 0
2
8 0 1 -5207
23 30 8 9311
3
8 0 8 0
10 39 8 0
13 21 0 0
5
8 0 3 2614
16 1 4 0
16 28 4 -8284
17 35 7 0
23 30 6 -6223
2
8 0 7 1137
22 34 6 0
7
8 0 8 0
9 40 9 7116
12 53 5 0
19 10 10 -9846
22 43 2 0
23 19 6 6155
23 28 10 0
9
8 0 5 0
17 33 1 0
22 39 3 4522
23 2 9 0
23 6 3 9548
23 13 2 0
23 36 4 -4455
23 45 3 -3355
23 58 4 -6987
3
8 0 7 121
10 35 7 6739
13 58 2 121
1
8 0 9 0
2
8 0 8 -546
14 31 2 369
5
8 0 5 0
17 55 4 -9959
21 7 9 1144
21 24 3 7925
21 35 2 0
8
8 0 5 0
21 7 2 0
22 20 6 5627
23 26 0 0
23 49 5 0
23 52 7 -1556
23 58 10 0
23 58 0 6018
0
5
8 0 0 -4559
22 27 6 0
22 40 7 0
23 55 3 0
23 56 2 0
1
8 0 3 -7236
1
8 0 5 -3163
0
10
8 0 7 0
18 37 10 0
20 0 6 5646
23 41 5 0
23 48 4 0
23 54 0 0
23 55 5 420
23 55 6 -7492
23 55 9 4173
23 55 4 719
6
8 0 9 0
10 35 3 0
17 35 0 -1775
21 35 5 0
21 56 2 0
22 2 9 0
7
8 0 10 0
23 33 2 8402
24 0 2 -7872
24 0 2 0
24 0 1 -1334
24 0 10 0
24 0 7 -4134
3
8 0 4 0
9 0 7 5484
12 8 1 6891
6
8 0 4 3906
8 50 7 5923
11 43 2 -9943
16 37 6 8141
17 3 8 -9731
23 58 7 5125
0
2
8 0 7 0
9 36 9 -2436
6
8 0 1 0
19 35 1 0
22 1 9 8491
22 26 1 -7290
23 18 1 -5441
23 44 0 0
8
8 0 9 0
15 0 1 0
22 9 9 -543
22 35 5 0
22 48 4 0
23 46 8 -6982
24 0 4 8982
24 0 5 0
8
8 0 6 8588
17 12 0 0
22 0 9 0
22 25 5 3464
23 31 9 0
23 55 2 1006
23 55 8 0
23 55 5 0
3
8 0 2 -4788
22 37 6 9991
23 26 3 0
6
8 0 6 0
22 48 3 0
23 54 6 1159
23 57 0 0
23 57 10 0
23 57 0 0
7
8 0 8 1931
13 32 0 0
22 3 5 -3674
22 52 3 2306
23 2 4 -8293
23 52 10 0
23 56 10 0
6
8 0 7 -8745
18 37 0 -1450
20 57 4 0
22 9 2 0
22 32 1 0
23 15 9 0
4
8 0 8 4972
19 31 8 0
21 42 2 0
23 18 7 1329
1
8 0 10 0
2
8 0 0 0
15 47 10 -7024
5
8 0 7 1424
16 50 7 -1671
20 50 8 -813
22 16 8 -5440
22 45 10 -1837
0
0
9
8 0 9 -3673
21 1 1 6130
23 25 0 0
23 43 9 -6528
23 50 7 0
23 57 9 3971
23 57 5 0
23 57 8 0
23 57 5 -7730
9
8 0 3 7031
13 55 0 0
19 37 1 6378
20 12 4 355
22 27 0 0
23 52 2 -5607
23 53 3 0
23 58 3 9215
23 58 1 -2061
2
8 0 8 -5583
15 12 3 4102
1
8 0 2 0
4
8 0 2 0
9 30 5 0
22 17 1 -4827
23 18 5 0
1
8 0 7 0
10
8 0 4 1041
11 34 4 0
22 17 9 0
22 28 5 0
23 2 2 7711
23 27 4 -6767
23 53 1 0
23 54 0 0
23 54 8 0
23 54 0 0
5
8 0 6 0
22 4 5 1549
22 19 9 0
22 56 8 0
23 3 1 0
9
8 0 1 -6976
12 22 10 0
14 0 2 0
16 10 7 4113
16 22 3 0
18 18 2 -9936
19 57 10 0
20 51 7 -7968
23 47 2 0
0
6
8 0 6 -2185
16 14 2 0
17 8 4 0
19 7 9 2844
19 55 1 -9312
20 22 3 -5463
1
8 0 2 0
8
8 0 3 -4291
22 39 5 0
22 52 4 0
24 0 6 0
24 0 2 0
24 0 0 0
24 0 4 0
24 0 4 3236
2
8 0 10 0
20 41 1 -2384
10
8 0 10 9740
9 13 10 0
16 35 6 -5405
20 26 7 0
23 58 5 8367
23 58 7 -7097
23 58 3 -6969
23 58 5 0
23 58 7 0
23 58 1 0
4
8 0 6 5530
20 58 10 0
21 9 5 0
23 41 8 0
0
10
8 0 10 -4193
14 13 10 2846
23 13 7 0
23 36 8 0
23 50 9 7868
23 56 6 0
23 56 3 8668
23 56 8 0
23 56 8 0
23 56 5 9895
6
8 0 7 -6543
22 3 8 -5050
23 1 6 -971
23 41 7 0
23 59 1 0
23 59 8 8367
4
8 0 0 -9584
18 23 7 0
22 46 6 8246
23 47 8 0
3
8 0 6 2671
16 9 6 -1199
21 51 10 -6949
6
8 0 0 210
23 29 7 1852
23 57 2 817
23 58 5 0
23 58 2 0
23 58 4 573
4
8 0 6 0
14 46 3 0
18 18 9 0
21 40 7 0
1
8 0 1 0
7
8 0 5 -5273
12 31 10 0
20 37 9 9088
21 47 4 7735
22 26 1 0
22 29 10 0
23 57 3 0
9
8 0 6 0
18 10 9 0
23 58 8 0
23 58 5 0
23 58 1 0
23 58 2 279
23 58 5 7471
23 58 3 9298
23 58 3 8248
9
8 0 10 7440
17 15 7 -2343
21 25 6 0
23 7 5 -8470
23 21 6 -2025
23 58 8 0
23 58 5 -8250
23 58 2 -3595
23 58 8 405
1
8 0 5 0
9
8 0 10 0
19 47 7 0
23 1 8 0
23 55 7 -2373
23 59 0 0
23 59 2 -467
23 59 5 -1920
23 59 1 0
23 59 2 9975
5
8 0 0 0
16 43 8 0
21 10 1 -249
22 31 7 0
23 33 2 9058
9
8 0 5 0
12 53 5 0
22 51 3 0
23 24 2 0
23 43 6 0
23 51 2 488
23 54 7 -6035
23 54 4 0
23 54 6 -5903
1
8 0 7 -4051
8
8 0 8 2360
11 31 10 0
14 18 4 -3173
20 23 3 2279
20 42 8 5692
21 19 9 0
23 2 5 -263
23 28 9 -9097
0
8
8 0 1 5512
18 48 5 8566
20 57 6 9951
22 0 4 0
22 17 9 5910
23 2 7 -363
23 26 5 0
23 30 4 6668
5
8 0 1 0
19 28 4 0
23 23 10 0
23 34 4 1180
23 48 2 0
4
8 0 2 -7477
17 14 9 0
20 1 9 1198
20 46 8 0
7
8 0 4 0
17 14 2 0
21 11 4 0
23 21 3 5546
23 26 4 0
23 56 3 -1738
23 56 1 -6459
6
8 0 5 1940
21 47 7 8928
22 43 6 7988
22 44 3 -543
22 57 2 6640
23 50 10 0
8
8 0 0 0
21 17 4 530
23 23 1 5039
23 27 6 0
23 28 2 0
23 43 8 3539
23 59 6 3352
23 59 3 -2749
7
8 0 3 3791
8 41 3 -9117
9 44 6 -7681
16 58 2 -8548
20 48 4 0
22 42 9 -2051
23 54 7 6298
5
8 0 8 8501
15 32 3 -4881
17 39 0 0
20 42 1 4470
21 36 0 0
3
8 0 10 0
14 17 10 5927
16 49 4 0
0
0
2
8 0 5 3506
12 22 8 0
0
0
1
8 0 10 0
7
8 0 7 0
17 39 5 0
23 44 0 1730
23 51 0 0
23 53 2 0
23 59 0 -684
23 59 1 0
9
8 0 6 0
13 28 0 0
14 31 6 4315
17 0 1 0
19 19 5 0
22 17 8 0
23 3 1 -9986
23 45 1 -8486
23 46 9 0
0
8
8 0 8 -3256
10 2 2 0
17 43 10 2313
18 37 4 8361
20 6 2 0
22 3 8 0
22 50 10 7806
22 58 8 -1965
7
8 0 6 6433
19 48 2 1337
23 27 6 -5126
23 58 8 0
23 58 3 0
23 58 7 803
23 58 10 -9972
10
8 0 7 0
10 59 0 0
11 29 4 0
20 50 10 0
23 15 9 7779
23 27 10 8478
23 29 8 0
23 42 5 -1147
23 46 10 2011
23 52 2 0
1
8 0 6 -2232
4
8 0 9 0
14 37 2 0
20 24 7 0
21 0 8 0
4
8 0 2 0
22 20 6 0
23 23 6 0
23 38 10 0
0
7
8 0 2 -7615
8 20 1 2107
14 50 1 -4469
19 6 9 0
20 54 2 -6793
23 34 9 3549
23 54 8 0
9
8 0 5 0
10 4 8 -8534
19 48 5 -3678
22 58 2 5641
23 26 5 680
23 37 4 0
23 57 6 0
23 57 6 0
23 57 9 8685
4
8 0 0 0
8 56 1 0
19 23 4 0
19 48 8 0
9
8 0 4 -4396
11 55 7 0
16 37 6 -3671
19 2 10 0
21 38 10 0
22 8 4 0
22 34 4 -6789
22 46 6 3956
23 22 2 5528
8
8 0 5 4414
9 14 2 0
22 54 2 0
23 40 6 3533
23 45 2 0
23 55 4 0
23 55 2 0
23 55 10 0
10
8 0 10 786
18 45 1 -9910
20 28 4 0
22 5 4 0
23 19 7 0
23 22 10 -7816
23 28 10 -8991
23 57 0 0
23 57 7 -6735
23 57 8 5789
6
8 0 2 0
19 16 5 -976
23 50 6 0
23 53 9 9143
23 59 5 -1894
23 59 0 -1618
4
8 0 8 0
18 48 6 7345
23 22 7 0
23 58 4 0
9
8 0 9 0
22 1 8 3777
22 23 10 0
22 45 6 0
23 19 8 536
23 52 8 0
23 57 7 0
23 57 5 0
23 57 7 7543
7
8 0 1 0
20 4 8 6143
22 24 0 0
22 31 8 0
23 8 10 0
23 38 10 0
24 0 4 8242
7
8 0 10 -4115
13 21 6 2087
19 16 5 6380
21 37 4 1927
23 37 3 0
23 38 0 0
24 0 1 0
8
8 0 7 7337
21 30 0 0
22 27 6 0
22 33 8 0
23 13 0 6300
23 16 3 0
23 30 9 4040
23 41 0 0
7
8 0 2 5750
12 33 3 0
12 53 8 0
18 8 10 6296
19 6 0 -7611
22 0 2 0
22 12 0 0
10
8 0 6 582
20 32 5 0
23 4 3 0
23 56 3 -1749
23 59 3 -3691
23 59 7 -1327
23 59 2 0
23 59 5 0
23 59 3 0
23 59 7 0
6
8 0 10 8414
12 9 1 0
15 7 5 0
18 11 3 0
21 13 3 0
23 46 2 0
5
8 0 4 0
10 14 3 -7068
11 52 9 0
19 1 4 0
22 14 10 0
2
8 0 8 -4763
11 22 3 0
10
8 0 3 -6845
10 8 3 0
15 2 1 0
22 8 3 9146
23 28 5 0
23 46 8 0
23 58 6 0
23 58 1 2472
23 58 1 -8181
23 58 5 -1471
3
8 0 1 0
13 50 1 8173
19 0 2 -5584
4
8 0 4 5922
21 4 8 -4073
23 24 9 0
23 27 8 0
1
8 0 5 4855
4
8 0 0 0
23 46 4 6216
23 48 3 0
23 51 10 9160
1
8 0 8 0
0
7
8 0 10 0
14 20 5 0
14 28 7 -9245
14 29 7 800
18 46 4 -8039
20 47 8 8047
23 35 3 0
4
8 0 9 0
15 49 1 8244
21 27 4 0
22 5 0 6864
3
8 0 0 3681
20 15 7 -6396
21 22 7 0
2
8 0 6 7502
13 22 9 0
6
8 0 2 -5532
12 54 0 0
21 37 6 0
21 44 4 -7048
23 14 10 0
23 15 9 189
4
8 0 3 7993
16 16 4 0
21 45 8 253
23 16 7 -11
10
8 0 7 0
9 1 9 -2389
22 41 9 0
23 15 3 0
23 17 1 0
23 43 1 0
23 59 10 -553
23 59 3 0
23 59 7 -1107
23 59 9 0
6
8 0 2 0
9 46 1 0
18 44 10 0
23 46 9 0
23 59 8 0
23 59 1 4320
4
8 0 0 0
11 24 4 6510
21 22 3 0
23 42 3 -6070
0
4
8 0 9 0
11 22 10 -5040
21 1 9 -6671
23 2 1 1901
1
8 0 3 0
2
8 0 5 0
16 54 7 0
9
8 0 2 6037
20 18 4 0
20 20 9 5575
23 37 10 -6878
23 49 2 0
23 50 7 -2941
23 51 7 -8101
23 54 5 0
23 54 6 -1288
3
8 0 7 7954
15 45 3 0
21 4 3 1628
0
9
8 0 9 0
10 45 9 6589
14 48 8 0
16 29 8 6090
22 33 10 0
23 36 1 2966
23 39 10 0
23 48 2 0
23 57 2 -328
3
8 0 10 -7084
14 16 9 3772
19 55 3 0
6
8 0 8 153
15 12 6 -6483
15 54 10 0
17 7 2 -4820
20 7 9 0
23 40 4 0
2
8 0 6 0
18 33 7 0
8
8 0 4 1925
23 46 3 5179
23 56 8 -151
24 0 8 4833
24 0 3 -6015
24 0 7 4411
24 0 7 3933
24 0 3 -2096
3
8 0 10 0
18 49 6 -1082
19 30 9 0
10
8 0 9 3846
11 33 2 2899
11 47 10 0
12 26 6 0
22 0 2 0
23 8 3 -867
23 15 8 0
23 26 0 0
23 58 7 0
23 58 10 3096
1
8 0 4 3621
6
8 0 9 -569
23 52 4 -1962
23 54 3 0
23 59 6 0
23 59 2 -4741
23 59 5 -8709
3
8 0 0 0
10 14 6 0
20 8 6 -63
1
8 0 5 -8838
2
8 0 8 0
19 21 9 0
8
8 0 5 0
22 35 8 0
22 41 7 -3521
23 41 3 0
23 51 8 0
24 0 8 0
24 0 4 0
24 0 8 8526
8
8 0 1 0
13 44 9 0
16 39 0 2419
16 56 9 0
19 58 0 -9016
23 36 7 0
23 58 1 -8145
23 58 1 -7290
9
8 0 5 0
15 32 6 0
17 10 1 0
21 44 9 -373
23 31 10 0
23 46 5 -3070
23 49 1 0
23 59 0 -5970
23 59 2 0
7
8 0 5 3029
23 53 10 7522
24 0 0 1457
24 0 0 0
24 0 10 0
24 0 2 -5522
24 0 10 0
7
8 0 1 0
13 30 1 -4783
20 37 4 0
21 15 3 -6967
22 25 2 0
23 13 3 0
23 22 4 -3579
10
8 0 2 -5052
15 52 1 0
17 44 0 0
19 17 2 0
22 6 0 -2984
23 56 7 5920
23 56 10 7378
23 56 6 -3046
23 56 7 0
23 56 3 6289
9
8 0 9 8669
9 51 0 0
10 3 3 0
23 52 2 1890
23 57 1 2231
23 57 1 -5077
23 57 9 0
23 57 3 -9433
23 57 4 0
10
8 0 6 0
9 55 3 0
12 29 7 0
23 1 1 -4107
23 56 8 8252
23 56 1 0
23 56 3 0
23 56 7 -4602
23 56 6 0
23 56 8 0
3
8 0 6 9006
22 3 3 2453
22 40 7 0
4
8 0 10 9437
15 6 2 0
20 55 1 0
22 52 2 -9509
0
9
8 0 6 2318
15 49 6 -8466
16 15 1 -3119
22 45 9 0
22 47 2 0
22 58 9 0
23 33 3 -8561
23 50 9 0
23 53 5 -492
5
8 0 8 6391
11 32 8 -2443
12 39 7 -5962
14 57 9 -3717
17 51 10 0
1
8 0 7 0
7
8 0 3 4447
18 47 3 0
21 0 4 8154
23 59 6 0
23 59 5 -9111
23 59 9 0
23 59 1 3276
7
8 0 7 0
9 48 8 0
22 12 0 0
23 10 3 0
23 23 1 0
23 58 1 0
23 58 9 -3381
1
8 0 9 -8949
10
8 0 10 0
10 55 4 0
22 53 1 2019
23 33 0 5889
23 40 8 0
23 47 1 0
23 49 1 0
23 53 6 5920
23 53 6 0
23 53 8 -563
0
9
8 0 6 148
13 0 2 -8483
19 20 8 -8194
19 52 4 0
20 2 3 0
20 23 8 430
21 16 0 0
23 34 5 -9714
24 0 10 0
5
8 0 10 0
12 50 1 0
20 37 10 0
22 34 1 4508
23 22 2 0
2
8 0 6 4459
18 24 8 261
9
8 0 10 0
9 18 3 -8151
20 21 5 1263
22 7 4 0
23 26 10 0
23 57 6 0
23 57 8 0
23 57 9 0
23 57 5 0
6
8 0 6 8998
23 27 7 0
23 48 8 0
23 50 8 0
24 0 1 0
24 0 2 6387
8
8 0 2 -1641
8 58 0 6497
17 19 10 0
23 27 2 -1476
23 57 5 0
23 57 4 0
23 57 6 0
23 57 3 3016
0
7
8 0 3 -7788
8 4 7 0
19 47 9 0
22 22 3 0
23 57 0 0
23 57 0 2260
23 57 7 0
1
8 0 1 0
7
8 0 6 2611
9 26 2 -1777
17 21 1 4399
19 40 2 0
21 49 4 -1027
23 21 2 0
23 32 4 0
7
8 0 6 -6235
13 28 1 0
20 12 1 -6561
21 11 2 0
21 34 0 0
21 52 5 9882
22 11 10 8227
6
8 0 2 3157
8 11 5 -5869
17 18 9 -7432
23 24 10 0
23 25 9 0
23 31 6 0
8
8 0 1 -6433
8 9 1 0
20 54 2 0
23 13 8 -6674
23 36 6 7108
23 46 4 0
23 48 1 5742
23 50 3 0
8
8 0 7 0
20 17 3 0
22 16 6 3833
23 50 8 -1475
23 55 6 -6717
23 58 10 0
23 58 5 0
23 58 8 0
5
8 0 10 9544
18 28 8 1398
22 22 0 -3889
23 1 4 0
23 9 6 -3149
9
8 0 8 0
21 19 1 -4224
22 35 1 -6204
23 52 5 0
23 53 5 -8086
23 58 6 0
23 58 10 0
23 58 1 0
23 58 8 0
0
10
8 0 2 0
20 56 4 -836
20 57 10 1544
23 46 5 0
23 53 2 -7431
23 57 5 0
23 57 10 0
23 57 6 -2649
23 57 9 0
23 57 9 4000
1
8 0 4 0
2
8 0 3 0
9 26 1 0
5
8 0 3 0
14 44 6 0
20 28 0 451
23 41 4 -8193
23 52 8 0
6
8 0 7 -7145
23 39 2 0
23 54 2 0
24 0 4 1858
24 0 6 0
24 0 8 0
6
8 0 7 -716
16 39 1 0
23 7 8 0
23 43 10 -9407
23 59 9 0
23 59 8 0
8
8 0 5 -5561
12 26 7 -9228
20 55 7 -4698
22 20 10 -4322
23 7 5 0
23 19 0 -6075
23 46 3 3969
23 48 5 0
1
8 0 6 -1270
6
8 0 10 -4916
11 45 2 -3992
19 27 4 0
22 46 1 3588
23 15 6 -6934
23 17 10 1308
5
8 0 5 0
11 13 6 0
15 17 6 8136
22 46 6 0
23 7 5 0
0
0
1
8 0 2 -1232
8
8 0 6 -2089
14 46 7 -7863
20 3 6 -6811
20 40 9 0
20 42 5 0
21 45 6 0
23 2 6 -3955
23 25 6 0
7
8 0 9 386
20 1 2 -4038
23 39 2 0
23 40 4 8692
23 44 7 789
23 50 7 0
23 53 3 -7156
4
8 0 5 -8203
20 34 4 -4262
23 39 4 0
23 46 6 -7045
6
8 0 9 5318
16 14 10 -4626
19 22 4 -7607
23 36 5 1031
23 37 0 1892
23 50 4 5544
2
8 0 8 0
23 34 1 0
3
8 0 9 -7502
16 0 6 2572
23 55 7 0
6
8 0 6 1337
22 3 9 -1769
22 25 6 0
23 52 0 -2454
23 54 5 -9727
23 56 8 8554
2
8 0 5 0
23 5 10 0
5
8 0 9 0
11 8 7 -5283
15 47 0 -1757
23 44 4 -9175
23 56 4 0
6
8 0 9 -7656
20 5 6 4426
21 0 1 9865
22 1 7 3522
22 32 10 -1945
23 11 8 0
4
8 0 6 0
15 2 8 0
23 11 1 0
23 27 7 -9481
10
8 0 6 0
17 1 7 -2127
21 29 0 6806
23 11 5 0
23 41 8 0
23 48 2 0
23 49 3 -5617
23 59 6 6385
23 59 2 -6305
23 59 3 0
5
8 0 5 0
8 38 3 0
9 53 10 -5012
16 30 6 0
22 35 1 -2139
8
8 0 5 3342
22 41 10 -6326
23 8 4 3397
23 50 7 -2692
23 53 2 429
23 59 9 5317
23 59 3 194
23 59 7 8201
6
8 0 10 0
12 59 2 0
20 6 1 0
21 50 0 0
23 4 7 0
23 36 6 0
10
8 0 8 -7767
11 4 1 -5710
13 43 0 -9257
19 27 10 0
23 0 1 0
23 11 7 -9662
23 42 5 0
23 45 10 7151
23 48 1 0
23 57 4 603
5
8 0 9 0
11 20 7 0
13 5 4 0
20 33 9 0
21 25 2 2167
8
8 0 3 6587
9 21 2 -8602
15 34 9 0
18 2 5 2800
23 44 10 -8695
23 55 10 0
23 55 4 5387
23 55 9 0
1
8 0 10 283
0
2
8 0 4 8263
13 48 8 -8438
3
8 0 0 -8132
9 12 8 0
13 47 0 0
1
8 0 1 -9324
10
8 0 0 0
10 23 1 0
20 21 0 0
21 24 1 5349
22 5 7 -6014
23 10 2 0
23 46 2 -5918
23 53 9 -3995
23 53 10 6499
23 53 1 1746
3
8 0 3 0
13 34 6 0
14 56 6 -8265
4
8 0 1 1648
21 0 9 0
21 23 10 0
23 34 7 0
0
2
8 0 4 0
20 0 8 0
3
8 0 7 0
23 47 6 5573
23 51 1 7668
0
7
8 0 3 976
14 14 3 0
15 17 5 0
17 58 4 0
18 27 7 0
18 52 8 -9122
21 39 3 0
5
8 0 9 9511
8 10 1 9836
10 14 9 2815
15 28 5 0
18 44 10 0
10
8 0 3 0
22 16 6 0
23 51 2 0
23 54 9 0
24 0 4 0
24 0 0 0
24 0 8 -5005
24 0 10 -929
24 0 2 2817
24 0 7 5900
1
8 0 5 5143
9
8 0 3 0
20 26 2 -8650
21 28 3 0
23 18 9 0
23 49 5 -7437
23 54 10 1395
23 55 3 0
23 55 10 5192
23 55 9 0
0
2
8 0 3 0
9 54 0 -6920
1
8 0 0 0
10
8 0 2 0
23 57 4 0
23 59 6 0
23 59 3 40
23 59 7 0
23 59 4 -863
23 59 5 0
23 59 10 -8290
23 59 6 0
23 59 2 0
2
8 0 7 0
21 40 1 4888
10
8 0 4 0
11 16 5 0
13 10 2 0
20 28 10 0
22 38 9 -2895
23 41 2 7611
23 59 1 0
23 59 10 -7712
23 59 0 0
23 59 8 0
2
8 0 7 0
14 19 9 0
3
8 0 5 0
17 46 1 0
19 0 3 1260
6
8 0 5 0
21 54 7 8924
23 44 4 0
23 49 0 0
23 56 3 1471
23 56 10 -7220
7
8 0 4 0
9 44 3 0
20 56 2 7667
23 23 3 0
23 38 0 3319
23 45 6 0
23 49 5 0
0
6
8 0 10 0
11 46 5 0
14 18 10 0
22 52 10 0
23 35 1 -6997
23 37 9 -9911
3
8 0 4 0
18 8 4 3148
23 38 9 0
2
8 0 3 -5477
23 54 4 0
6
8 0 4 0
20 44 2 0
21 19 7 0
23 16 4 -5001
23 21 0 -4800
23 50 3 3588
1
8 0 6 0
10
8 0 3 6161
9 24 4 0
10 51 10 154
16 10 8 0
23 4 2 -7819
23 44 0 -1190
23 57 5 -8221
23 57 5 1985
23 57 7 -9225
23 57 4 0
5
8 0 4 -3004
9 43 6 2682
16 9 1 -9008
18 45 2 5460
23 22 3 0
3
8 0 8 -1327
13 0 6 6777
17 50 8 0
3
8 0 6 -7413
8 58 3 7556
14 30 10 7556
2
8 0 6 0
23 11 0 0
9
8 0 10 0
11 41 0 1386
13 15 10 8735
17 2 8 0
21 47 6 3587
22 3 7 0
23 28 8 0
23 54 7 0
23 54 10 -9720
2
8 0 3 8341
15 59 1 -7919
3
8 0 6 1251
21 54 1 5399
23 31 9 -9566
3
8 0 10 0
19 10 10 -8153
22 53 4 0
1
8 0 0 -1517
6
8 0 6 -9564
9 55 3 -3677
23 25 5 0
23 36 9 0
23 49 9 5068
23 52 4 0
7
8 0 5 6947
13 35 7 -9875
14 45 1 0
18 25 7 0
23 6 3 0
23 34 7 -5924
23 54 0 0
9
8 0 10 9352
17 56 3 0
19 58 10 1398
21 12 2 0
23 30 5 -6886
23 34 2 -8705
23 36 8 7407
23 40 4 -974
23 43 10 -8929
9
8 0 4 -294
16 42 8 -2718
20 53 7 -608
21 20 5 4989
22 47 9 9237
23 40 1 -7478
23 44 10 1848
23 55 1 0
23 55 10 1083
6
8 0 10 0
8 39 1 28
17 51 0 0
18 46 8 -2126
20 6 8 -5622
22 56 6 0
2
8 0 7 0
19 27 2 6548
9
8 0 7 0
15 53 9 -9422
24 0 7 0
24 0 6 0
24 0 10 0
24 0 8 0
24 0 0 0
24 0 3 0
24 0 10 0
1
8 0 5 0
5
8 0 7 -4346
17 57 10 0
20 42 10 -5174
21 45 9 -6524
23 2 2 -7724
7
8 0 3 -6843
21 1 4 0
22 20 7 -2792
23 41 2 0
23 58 9 -5831
23 58 7 0
23 58 7 0
0
10
8 0 1 0
23 34 0 0
23 42 4 0
23 58 3 0
23 58 5 3852
23 58 2 0
23 58 9 7836
23 58 1 8384
23 58 5 0
23 58 2 0
3
8 0 8 0
16 58 1 -1519
18 16 2 -2177
6
8 0 4 -9742
8 41 4 -7798
18 16 9 0
19 38 10 6267
23 13 9 -6910
24 0 8 0
7
8 0 8 0
15 21 9 9006
19 47 10 0
22 34 10 -7521
23 34 6 586
23 57 4 -5561
23 57 3 5224
0
6
8 0 1 0
23 11 8 0
23 40 8 0
23 51 6 0
23 58 1 0
23 58 2 0
7
8 0 9 0
23 54 10 -6536
24 0 0 -8868
24 0 5 3025
24 0 1 7400
24 0 2 -2436
24 0 9 -5422
6
8 0 0 0
17 35 10 0
20 55 1 0
22 24 0 0
23 16 2 4952
23 55 7 1632
9
8 0 10 0
9 18 10 8834
19 51 4 0
22 57 8 0
23 44 9 8474
23 50 8 0
23 58 3 -603
23 58 2 -415
23 58 9 -2387
10
8 0 9 0
22 41 3 0
22 54 6 5416
23 49 5 0
23 59 2 0
23 59 8 3260
23 59 6 0
23 59 9 2139
23 59 8 0
23 59 7 -3601
8
8 0 3 5925
17 26 8 -9417
17 28 0 0
20 52 8 0
20 58 8 0
21 50 5 0
22 0 4 2814
22 18 3 5615
7
8 0 4 0
12 52 1 -9559
14 52 8 166
15 3 7 0
20 25 9 0
21 9 5 -2571
23 38 3 647
4
8 0 4 0
21 13 9 0
23 5 1 -6914
23 52 8 -4907
3
8 0 5 0
18 47 2 3675
23 11 8 0
2
8 0 8 -3235
11 31 9 0
5
8 0 8 0
23 2 6 0
23 28 5 0
23 40 3 233
23 59 4 0
9
8 0 8 0
11 49 8 0
18 56 3 1862
23 19 4 -9568
23 49 3 -2305
23 51 3 0
23 56 5 -86
23 56 1 2438
23 56 6 0
8
8 0 10 0
22 15 9 0
22 33 10 0
22 59 7 -4412
23 12 10 0
23 22 6 0
23 48 3 5512
23 59 2 0
8
8 0 9 -4703
9 38 8 -9215
12 55 2 0
18 18 7 -2375
23 34 10 0
23 57 8 -2638
23 57 7 0
23 57 7 0
6
8 0 4 0
19 38 6 -9795
21 13 3 0
23 32 10 0
23 47 7 4047
23 59 9 0
8
8 0 4 -2620
19 11 6 0
21 57 0 0
23 10 1 0
23 25 10 0
23 39 3 0
24 0 9 -2198
24 0 7 0
8
8 0 4 0
20 38 10 2069
22 14 1 0
23 50 1 -3246
23 59 0 0
23 59 5 -7427
23 59 10 0
23 59 10 0
7
8 0 7 4387
19 3 8 0
21 33 2 0
22 0 2 0
22 55 4 0
23 12 3 0
23 47 5 2657
7
8 0 8 0
23 50 5 -1154
23 55 9 0
23 56 8 0
23 59 10 0
23 59 7 0
23 59 8 -9409
7
8 0 3 -9994
20 57 6 3891
22 59 1 -5022
23 33 7 -4966
23 37 8 0
23 44 0 -2197
23 51 6 0
2
8 0 6 0
21 58 0 0
5
8 0 4 0
23 55 3 0
23 56 10 8741
23 57 1 0
23 57 6 5059
8
8 0 7 -6881
9 38 3 0
11 43 4 0
12 33 10 0
18 45 7 -2592
19 50 2 0
22 2 5 -2866
23 23 5 0
6
8 0 0 0
15 44 7 5976
16 26 9 -8208
23 47 1 0
23 48 7 -8983
23 50 1 -9061
2
8 0 8 -653
15 8 3 -9552
1
8 0 2 9927
4
8 0 7 9610
8 46 9 -5961
18 34 3 0
21 40 4 -4369
10
8 0 10 -2211
13 23 5 0
19 59 0 -3903
23 51 9 8493
23 56 4 0
23 56 9 0
23 56 9 6378
23 56 1 0
23 56 4 0
23 56 6 0
5
8 0 10 0
16 56 1 5041
20 57 10 -7899
22 17 1 0
22 47 6 5662
3
8 0 5 2253
14 41 3 -353
19 34 8 -9513
5
8 0 3 -39
15 57 10 -7028
16 51 1 0
17 36 6 -4469
21 8 3 1606
5
8 0 4 0
12 33 6 6481
21 22 10 0
21 49 10 0
23 5 1 6386
10
8 0 2 -3532
14 58 7 0
23 36 7 1889
23 56 2 0
23 57 7 0
23 57 4 434
23 57 0 0
23 57 1 5552
23 57 3 9121
23 57 10 6504
7
8 0 2 0
9 54 1 0
18 51 9 2844
22 6 0 -7492
23 25 6 -7148
23 51 1 0
23 57 3 0
9
8 0 10 -2487
19 16 9 0
23 18 2 0
23 34 8 0
23 53 9 -5048
23 57 2 809
23 57 0 0
23 57 2 0
23 57 6 8643
0
5
8 0 0 -1185
22 14 3 0
23 9 5 0
23 49 1 2574
23 54 4 0
7
8 0 5 0
20 41 6 4095
22 2 4 3247
22 45 1 -1300
23 27 4 0
23 32 1 2079
23 52 3 0
9
8 0 2 0
8 41 7 5971
23 34 4 -8087
23 49 7 0
23 50 5 0
23 52 9 1626
23 59 9 0
23 59 5 0
23 59 7 4673
3
8 0 4 0
14 14 1 0
20 42 6 0
4
8 0 10 0
14 44 2 6793
15 44 8 0
23 11 6 0
6
8 0 9 -1161
8 52 7 -2710
15 46 1 5907
16 57 2 0
19 39 6 0
23 4 6 0
2
8 0 2 -1442
8 3 7 0
2
8 0 10 0
10 15 4 0
1
8 0 3 -4796
10
8 0 9 7878
23 38 8 0
23 50 2 0
23 53 10 0
23 58 2 4729
23 58 5 -1862
23 58 4 4110
23 58 7 0
23 58 1 4548
23 58 9 6163
4
8 0 10 0
13 25 4 -8607
22 15 7 0
22 16 3 0
6
8 0 1 -5145
20 8 7 7584
23 22 5 0
23 27 8 -5647
23 50 6 0
23 53 4 0
10
8 0 3 0
16 10 6 0
17 38 3 5533
19 49 2 8704
23 6 5 0
23 20 4 0
23 33 8 -6662
23 48 1 6568
23 53 5 -612
23 53 1 9676
3
8 0 4 8565
16 38 2 0
23 56 1 0
6
8 0 9 5325
12 18 0 0
16 23 7 5683
19 27 1 -8428
20 6 0 -2170
21 46 4 111
6
8 0 0 0
18 38 9 0
19 40 8 -9868
23 28 7 0
23 38 10 0
23 56 4 0
0
5
8 0 1 0
11 10 8 0
22 34 4 4123
22 37 7 -6742
23 44 6 6502
10
8 0 2 6918
19 10 3 5522
22 30 10 -353
23 42 8 0
23 44 8 0
24 0 0 0
24 0 6 3768
24 0 10 -1823
24 0 1 0
24 0 7 0
1
8 0 8 0
7
8 0 1 5459
17 47 8 0
22 46 9 0
22 51 7 0
23 9 10 0
23 44 5 0
23 49 1 -7702
10
8 0 7 4696
10 6 1 0
12 5 1 0
13 56 8 0
21 11 2 1957
21 25 7 0
22 18 6 9817
22 45 9 -2969
23 43 1 -7953
23 57 9 0
9
8 0 6 0
17 43 2 0
18 11 10 0
22 21 9 0
22 35 1 8750
23 37 10 0
23 46 6 0
23 58 5 -9620
23 58 10 -7806
2
8 0 2 0
19 43 8 0
2
8 0 9 0
12 29 10 -6708
0
10
8 0 2 4123
8 46 4 0
23 4 0 -6931
23 32 2 0
23 54 2 0
23 57 7 -9318
23 57 7 -3989
23 57 4 -1546
23 57 7 -9093
23 57 1 -4584
7
8 0 1 8599
21 50 6 -3288
22 42 1 -759
23 50 0 7369
23 53 10 2699
23 59 3 0
23 59 8 0
3
8 0 1 0
9 2 3 9127
20 39 0 6730
3
8 0 6 4859
15 26 8 917
20 59 3 7253
5
8 0 0 2705
8 59 4 0
11 8 9 -6575
11 55 7 0
22 29 5 1950
6
8 0 9 3109
22 49 7 0
23 44 10 -4112
23 47 6 0
23 52 9 0
23 54 3 8472
10
8 0 7 0
23 38 7 0
23 54 1 738
24 0 9 6288
24 0 5 -9739
24 0 10 0
24 0 7 7623
24 0 8 3115
24 0 8 -4878
24 0 9 0
9
8 0 9 0
16 47 4 0
22 13 2 -3895
22 28 1 0
23 34 7 0
23 57 4 0
23 57 6 -1109
23 57 10 -6904
23 57 1 -9337
1
8 0 4 8008
10
8 0 10 0
19 18 7 0
21 14 5 -7503
23 41 9 0
23 48 5 0
23 56 6 0
23 56 8 0
23 56 10 1293
23 56 2 4764
23 56 10 3857
9
8 0 9 0
21 30 8 0
22 54 0 0
23 25 5 0
23 37 8 -5013
23 52 0 -8399
24 0 9 -6226
24 0 5 0
24 0 3 -3259
10
8 0 4 0
15 12 10 5508
16 56 4 -5340
18 18 8 1531
22 24 10 0
23 55 4 -5736
23 55 4 1764
23 55 7 0
23 55 5 0
23 55 5 -5045
10
8 0 7 -4995
18 10 0 4502
19 30 8 -6427
21 10 4 -4947
23 28 1 -8042
23 39 0 -5453
23 46 10 1775
23 57 4 825
23 57 1 0
23 57 0 0
1
8 0 4 -9666
6
8 0 0 2306
17 51 1 -6515
22 3 0 -7896
22 56 0 0
23 34 0 -1200
23 35 9 -7999
3
8 0 0 7906
22 11 3 0
23 6 6 -1406
9
8 0 9 9130
23 22 8 0
23 58 2 0
23 58 8 -8946
23 58 10 0
23 58 8 8467
23 58 2 0
23 58 1 1274
23 58 1 0
2
8 0 0 0
14 38 9 -7851
5
8 0 1 0
15 44 1 9329
21 16 3 0
21 20 1 0
22 1 7 -3568
8
8 0 4 -5589
12 7 4 0
18 6 0 0
21 53 2 0
22 2 2 0
22 25 1 0
23 2 4 -7449
23 14 6 -7843
1
8 0 7 -3658
4
8 0 2 0
15 29 0 0
19 32 4 5249
23 19 3 0
9
8 0 7 0
14 8 0 7497
23 19 6 0
23 54 5 4336
23 55 2 0
23 58 3 7129
23 58 8 -9371
23 58 2 0
23 58 3 5420
7
8 0 1 0
12 12 5 2506
17 14 1 -9121
23 15 9 4886
23 30 2 0
23 52 8 -9412
23 56 7 -5463
9
8 0 7 0
17 10 0 7465
21 46 10 0
23 13 2 356
23 23 8 -4731
23 46 3 9682
23 47 2 1681
23 58 8 -8393
23 58 0 0
10
8 0 0 -1771
9 53 10 0
20 19 4 0
22 29 2 0
23 8 5 4448
23 35 10 8358
23 48 3 0
24 0 1 0
24 0 0 0
24 0 8 0
4
8 0 3 490
21 44 5 0
22 39 3 0
22 45 4 2328
10
8 0 0 4239
15 48 4 -3245
16 40 9 -5371
23 58 9 -5610
23 58 6 -4337
23 58 2 -6003
23 58 5 0
23 58 2 -9319
23 58 7 0
23 58 5 -6683
6
8 0 8 0
19 14 8 7350
20 21 5 0
23 48 9 0
23 58 4 1054
23 58 3 -1410
6
8 0 6 1988
12 4 5 0
17 59 5 0
19 51 4 0
21 53 8 -4064
22 8 2 0
10
8 0 9 0
19 31 1 0
20 52 6 7966
21 26 2 0
21 46 4 7009
21 49 5 0
22 21 9 2682
22 58 8 -2860
23 45 7 0
23 57 6 0
9
8 0 10 0
16 17 9 0
22 18 4 0
23 16 4 0
23 33 8 0
23 42 5 0
23 59 9 0
23 59 9 0
23 59 5 0
10
8 0 1 -2144
14 41 0 0
21 45 10 -6682
22 16 8 -1745
23 17 7 0
23 49 6 0
23 54 10 0
23 54 5 0
23 54 4 0
23 54 7 7181
3
8 0 6 0
12 53 6 4679
16 14 5 -9732
6
8 0 1 3123
13 51 0 0
17 51 3 0
20 2 5 0
22 27 0 0
23 1 5 0
9
8 0 9 0
15 32 9 -7473
17 31 9 2671
19 11 4 6648
23 56 0 4534
23 56 5 -197
23 56 0 5877
23 56 7 1949
23 56 1 0
0
10
8 0 8 -9628
13 14 1 0
17 10 5 0
19 10 8 0
21 34 10 9384
22 11 5 0
23 24 5 0
23 39 8 8279
23 56 2 -6287
23 56 8 4133
2
8 0 8 -7157
20 3 0 7962
6
8 0 2 -7071
14 26 6 0
22 22 1 0
22 48 4 0
23 37 6 0
23 50 5 0
1
8 0 4 0
9
8 0 1 0
18 37 0 6654
19 21 4 -3294
22 50 10 0
23 38 2 3626
23 52 7 4702
23 56 7 0
23 56 3 0
23 56 3 0
8
8 0 1 0
21 39 10 -6567
23 24 10 0
23 49 2 3509
23 59 8 0
23 59 6 5118
23 59 6 -5576
23 59 5 -5839
1
8 0 4 0
2
8 0 5 0
21 20 8 1273
1
8 0 10 -1239
7
8 0 10 -2342
17 39 2 0
22 10 6 -8948
23 50 6 0
24 0 3 6668
24 0 5 7515
24 0 7 -4011
9
8 0 7 0
17 59 1 -1347
22 46 2 0
22 59 8 0
23 58 2 -2065
23 58 9 3942
23 58 1 -6731
23 58 10 0
23 58 9 -6680
9
8 0 8 0
20 12 8 6992
21 11 10 -5458
21 24 10 6423
22 49 5 0
23 28 1 3907
23 58 2 0
23 58 5 -6111
23 58 0 0
2
8 0 6 0
8 17 9 -7388
9
8 0 4 4518
8 20 9 0
14 50 0 192
15 57 5 0
22 31 0 5177
23 10 1 365
23 47 1 1968
23 54 8 0
23 54 2 -8945
6
8 0 1 -433
22 43 2 -6308
22 47 3 0
23 15 0 7116
23 56 5 -807
23 56 8 0
9
8 0 4 0
15 12 9 0
16 24 3 -688
17 56 5 0
21 23 5 7612
21 44 5 -2618
22 59 6 552
23 25 6 2096
23 52 3 -7487
3
8 0 0 1381
14 10 9 0
18 55 4 7113
8
8 0 8 -291
21 50 1 7304
21 53 0 0
22 29 5 -3012
22 36 4 0
22 56 1 0
23 1 7 4937
23 8 3 0
9
8 0 5 3798
9 30 3 0
11 52 6 0
18 1 2 0
23 58 6 -2475
23 58 1 0
23 58 7 2251
23 58 1 -5213
23 58 6 -4670
8
8 0 5 -2651
17 2 1 0
23 31 5 0
23 37 10 -3992
23 48 4 0
24 0 6 -8291
24 0 6 0
24 0 6 0
3
8 0 10 7128
12 3 0 3019
13 50 2 0
2
8 0 4 -6828
8 37 0 -3460
7
8 0 1 2896
13 36 10 1776
18 14 7 3396
23 7 1 1793
23 11 2 0
23 44 5 -1945
23 52 4 -8086
3
8 0 9 -178
9 52 5 0
23 36 1 1955
0
8
8 0 9 0
8 37 6 0
22 2 0 0
22 20 7 0
22 37 8 9909
22 57 1 -4682
23 35 4 5860
23 39 5 7482
10
8 0 5 0
10 38 0 4598
16 29 7 0
18 47 0 -6061
23 32 6 0
23 46 0 0
23 58 9 -358
23 58 8 0
23 58 8 0
23 58 0 -7250
8
8 0 9 -1513
9 14 8 -5922
15 39 4 9056
21 15 2 0
22 12 9 0
23 0 10 0
23 28 10 -588
23 54 9 0
2
8 0 8 0
10 5 4 0
3
8 0 1 0
11 59 10 0
18 51 4 -8249
9
8 0 4 -2852
16 45 4 9310
23 23 8 -6585
23 49 10 0
23 52 7 -4727
23 57 2 0
23 57 6 -4260
23 57 5 9249
23 57 4 0
9
8 0 8 0
12 42 5 0
17 55 4 0
21 19 4 0
23 59 10 0
23 59 5 -5358
23 59 2 -7853
23 59 0 -5173
23 59 0 -3616
10
8 0 6 0
20 9 3 0
23 52 5 79
24 0 2 0
24 0 10 2109
24 0 6 0
24 0 2 -7802
24 0 8 0
24 0 6 0
24 0 4 -9284
9
8 0 8 0
16 47 1 5712
16 56 0 -523
21 17 1 -76
21 52 5 0
21 57 4 8799
23 14 3 0
23 20 3 0
23 36 3 1038
6
8 0 5 0
23 37 4 0
23 50 8 3628
23 55 7 -9628
23 56 6 0
23 56 9 2548
10
8 0 3 646
8 50 4 6549
16 0 5 0
23 2 5 0
23 31 9 -1742
23 52 10 0
23 53 1 0
23 56 0 0
23 56 5 0
23 56 1 0
3
8 0 2 0
8 48 7 0
23 0 3 0
2
8 0 10 0
18 8 0 0
9
8 0 2 0
23 24 6 -8515
23 48 0 -2543
23 52 10 0
23 57 6 0
23 57 7 -9518
23 57 9 -4388
23 57 4 -5148
23 57 7 0
10
8 0 7 0
15 28 7 -4740
17 35 8 0
22 8 0 6268
22 18 4 0
23 7 4 0
23 58 2 0
23 58 7 0
23 58 6 2778
23 58 6 0
10
8 0 3 0
10 31 0 0
22 38 10 8722
23 29 9 0
23 50 0 0
24 0 0 0
24 0 0 0
24 0 8 -8167
24 0 4 170
24 0 7 0
4
8 0 5 9856
14 3 4 -1480
23 0 3 7227
23 51 10 0
0
7
8 0 0 0
13 43 2 3748
14 43 4 0
20 22 2 0
22 6 10 -9116
23 20 1 0
23 21 6 -8972
5
8 0 9 0
19 28 4 0
22 24 0 4921
23 22 7 -3409
23 36 6 0
3
8 0 3 -9830
12 36 6 0
18 28 7 0
6
8 0 9 0
12 25 0 -142
15 34 1 0
19 15 8 0
20 36 2 0
22 23 5 0
10
8 0 5 0
13 34 8 -5591
17 18 8 7084
18 13 8 0
19 19 4 -5039
19 36 3 0
21 42 4 0
23 34 4 5317
23 39 4 0
23 51 7 0
0
5
8 0 2 6989
9 32 6 -4886
11 51 2 0
17 38 5 0
23 45 10 -430
8
8 0 6 0
16 16 1 9506
23 57 8 0
23 58 8 -4028
23 58 4 3729
23 58 4 0
23 58 3 -1618
23 58 3 -8729
5
8 0 5 -4556
17 33 10 0
22 31 9 0
22 47 4 -5849
23 7 9 0
7
8 0 10 2407
18 10 0 6899
19 14 8 0
23 55 6 9706
24 0 8 0
24 0 10 -8084
24 0 0 0
3
8 0 7 0
15 29 10 0
21 42 1 8388
9
8 0 7 7055
11 48 3 1271
17 38 8 -5188
22 44 10 -9231
23 47 7 0
23 54 5 5644
23 56 9 42
23 56 2 -1418
23 56 10 -1002
10
8 0 0 0
22 37 10 0
22 50 1 0
23 47 10 0
24 0 1 -8166
24 0 1 0
24 0 4 0
24 0 10 0
24 0 10 0
24 0 7 0
8
8 0 5 0
13 31 0 4469
20 2 5 0
21 57 10 9678
22 25 1 -3498
22 29 3 6974
23 36 10 0
23 57 6 0
5
8 0 2 0
14 45 5 0
18 10 3 0
22 12 9 0
22 40 1 0
9
8 0 1 0
16 28 1 0
18 44 1 2257
23 58 2 8364
23 58 3 1519
23 58 0 0
23 58 3 2000
23 58 0 0
23 58 0 -6452
3
8 0 8 -2310
23 58 10 -9596
23 59 3 0
6
8 0 8 -1042
8 5 3 7525
20 28 1 0
22 46 3 0
23 21 3 0
23 53 1 0
8
8 0 4 5086
20 19 8 -3797
20 32 1 7930
20 48 8 0
21 29 8 3264
23 7 7 0
23 37 3 927
23 44 7 0
10
8 0 7 -1682
9 13 6 -1006
15 22 4 0
18 18 0 0
18 41 2 -678
19 21 6 -9844
22 52 8 7841
23 44 8 0
23 49 5 1874
23 58 10 -717
6
8 0 0 -7028
17 38 2 0
22 8 7 0
22 46 9 0
22 59 10 0
24 0 9 -3459
7
8 0 7 0
23 2 4 6150
23 46 6 0
23 47 3 -6059
23 51 0 0
23 56 4 0
23 56 8 0
2
8 0 8 -2436
19 56 0 0
6
8 0 2 0
21 3 4 -6248
21 18 8 422
21 58 6 0
22 4 5 8237
23 18 1 0
5
8 0 0 0
9 7 2 5831
21 5 5 0
21 35 0 -6449
22 7 7 -3824
2
8 0 10 0
11 12 8 -9997
2
8 0 5 0
23 43 5 0
9
8 0 1 -8532
10 28 4 0
11 7 0 -5342
21 20 6 3036
21 40 2 3978
22 31 10 0
23 51 8 0
23 59 1 0
23 59 6 7962
4
8 0 7 -4940
12 16 6 -6691
14 21 6 -1570
20 0 5 0
3
8 0 9 0
9 6 2 3456
11 38 4 -5002
10
8 0 10 7493
16 5 5 0
23 58 4 0
23 58 9 6349
23 58 7 0
23 58 8 -5809
23 58 4 -9037
23 58 7 7274
23 58 5 -5126
23 58 4 8032
7
8 0 7 0
20 10 6 -1176
23 5 3 7997
23 41 7 0
23 53 2 0
23 58 2 -9257
23 58 6 0
9
8 0 2 9132
12 9 5 2106
15 0 9 0
18 50 1 6060
19 30 8 0
21 31 4 0
22 14 0 0
22 25 7 -3593
22 43 2 0
2
8 0 7 8633
21 46 1 0
10
8 0 4 0
12 24 8 -7449
22 31 5 -205
23 2 9 2626
23 7 0 1140
23 52 3 -6606
23 53 7 0
23 57 8 0
23 57 7 0
23 57 1 9096
10
8 0 0 0
18 25 10 3873
18 38 10 0
21 10 5 0
23 49 7 7727
23 54 7 0
23 58 0 0
23 58 6 0
23 58 10 0
23 58 6 0
5
8 0 4 0
9 5 9 0
19 4 0 0
22 26 9 3100
23 20 2 0
0
9
8 0 6 -8005
22 7 8 -5138
22 46 4 0
22 58 6 0
23 55 8 0
23 56 9 0
23 56 7 -3413
23 56 10 -1468
23 56 10 4888
0
10
8 0 2 -3679
22 33 3 7002
23 19 10 0
23 29 6 0
23 54 7 0
23 56 2 0
23 56 2 0
23 56 3 0
23 56 4 0
23 56 9 5062
8
8 0 2 -6958
11 5 9 3202
17 55 8 0
18 8 0 0
20 41 3 2963
22 20 6 -8203
22 28 1 0
23 38 9 0
6
8 0 3 0
20 27 9 0
22 10 5 -3026
23 57 5 0
23 57 8 -4708
23 57 0 -8246
8
8 0 7 0
19 51 10 0
20 4 8 0
21 29 7 154
21 44 1 -9196
23 37 7 -742
23 40 2 0
23 47 6 1123
10
8 0 9 0
20 26 8 527
21 5 2 0
21 9 1 -8804
21 23 6 6524
22 19 5 -1788
23 3 7 40
23 21 2 0
24 0 6 0
24 0 0 0
1
8 0 0 -9028
9
8 0 2 0
21 45 4 -9559
23 13 4 0
23 54 10 -8436
23 56 1 0
23 56 2 0
23 56 6 0
23 56 9 -9868
23 56 2 -3041
8
8 0 0 0
16 42 4 0
19 23 4 1069
23 46 7 -7181
23 58 7 0
23 58 4 -6668
23 58 1 4016
23 58 1 0
9
8 0 0 2935
9 55 3 0
10 7 6 -3811
11 58 9 0
20 55 3 0
22 47 1 7225
23 56 4 0
23 56 5 5681
23 56 8 0
5
8 0 3 9903
9 13 1 0
18 43 10 2968
22 59 7 7628
23 53 5 0
6
8 0 7 -4288
15 5 4 0
16 48 3 4326
21 50 7 0
22 49 0 -2918
23 56 7 3772
8
8 0 3 -9301
12 21 9 0
19 6 4 312
21 38 6 0
23 12 5 -3058
23 47 3 0
23 59 9 5862
23 59 7 0
0
3
8 0 4 0
18 43 10 0
19 43 10 -9666
9
8 0 0 0
20 14 4 0
22 55 4 -2752
23 47 6 4104
23 59 2 0
23 59 0 7064
23 59 4 3002
23 59 6 8369
23 59 1 4009
4
8 0 2 0
13 25 3 6722
20 12 0 -6129
23 17 8 0
3
8 0 9 0
11 21 8 0
18 1 8 6369
5
8 0 0 -1517
12 25 6 -6804
14 48 1 0
21 25 3 -4071
23 55 7 0
4
8 0 3 0
19 54 7 0
22 1 8 6636
22 54 9 0
4
8 0 6 0
20 24 2 4579
22 54 7 0
23 29 3 0
3
8 0 2 0
11 35 8 0
19 23 6 0
9
8 0 7 0
12 15 3 0
18 40 6 3501
20 11 10 0
22 14 8 -5893
23 14 6 0
23 17 1 1522
23 36 5 1750
23 44 4 -4807
5
8 0 7 -7046
8 50 9 0
11 8 1 0
17 7 0 -5248
18 47 8 -5650
7
8 0 1 0
13 21 2 0
18 27 2 -6832
23 4 0 -4780
23 44 1 6686
24 0 8 8803
24 0 5 -627
3
8 0 8 0
22 13 6 1281
23 18 1 4654
4
8 0 9 -1301
19 30 3 5169
20 22 4 0
20 28 6 0
0
5
8 0 10 0
22 41 8 0
22 59 8 0
23 46 10 -1159
23 50 1 0
6
8 0 8 -5105
16 53 7 0
20 7 10 0
23 7 8 0
23 18 8 0
23 54 3 0
7
8 0 7 7219
20 21 0 3872
21 56 1 0
22 58 6 0
23 42 2 0
23 56 9 0
23 56 10 0
0
0
0
4
8 0 5 0
9 34 5 -9671
16 5 10 0
22 15 2 4525
9
8 0 2 4017
14 30 10 -5820
24 0 9 9020
24 0 10 0
24 0 5 0
24 0 5 -2898
24 0 10 0
24 0 1 491
24 0 7 0
3
8 0 6 0
10 57 6 0
12 26 4 0
6
8 0 10 0
21 34 5 0
22 5 2 -5566
22 32 6 4320
22 44 8 0
23 33 0 6898
3
8 0 7 2176
18 3 9 0
23 51 10 0
6
8 0 6 0
9 8 6 -8183
10 7 6 -862
12 51 1 -3885
18 50 5 0
19 7 0 -5655
9
8 0 8 0
19 9 1 6545
19 37 5 0
20 25 8 -2085
20 50 2 -8680
22 1 7 2665
22 32 3 -5
22 46 10 0
22 56 5 5538
3
8 0 2 0
18 11 7 -2601
18 47 1 0
5
8 0 8 0
11 49 3 0
19 2 2 0
20 25 5 9091
22 48 10 -6533
7
8 0 8 0
8 40 8 0
14 55 4 0
22 26 6 0
23 42 7 -4227
23 53 5 0
23 59 7 -4242
3
8 0 4 9460
8 42 8 0
18 23 4 0
5
8 0 0 0
18 46 10 0
20 4 4 2741
22 41 6 -5672
22 46 7 -4488
1
8 0 7 8608
4
8 0 6 0
9 18 8 -6171
20 2 4 0
22 3 9 823
8
8 0 3 0
13 41 0 -7443
18 36 1 3663
21 21 5 0
23 57 8 0
23 57 3 1828
23 57 1 0
23 57 3 0
6
8 0 2 -9128
16 42 9 0
23 8 10 0
23 28 1 0
23 56 8 0
23 56 9 0
6
8 0 3 8546
19 23 5 2424
22 50 0 0
23 50 9 0
23 52 0 5743
23 58 9 863
5
8 0 10 0
20 43 5 0
22 45 7 0
23 21 10 6944
23 22 10 -4362
0
7
8 0 4 0
16 57 7 -8821
19 14 9 6054
22 18 3 1855
22 36 9 0
23 59 0 0
23 59 3 0
5
8 0 9 -4163
9 4 4 5326
13 49 1 8401
21 11 5 0
21 13 1 0
0
3
8 0 3 -4053
22 52 8 -9418
23 18 3 0
5
8 0 5 -3563
13 55 0 0
22 10 5 0
22 37 3 0
22 54 2 0
2
8 0 3 4813
19 51 7 -4817
5
8 0 4 0
18 46 0 3847
21 13 6 0
21 49 1 0
23 17 8 -4821
1
8 0 4 0
7
8 0 6 -2957
18 20 2 0
21 30 9 0
22 34 6 2560
23 27 0 6173
23 50 8 -4848
23 59 1 0
10
8 0 10 6848
19 19 0 -1403
20 36 9 0
21 19 7 -4651
21 51 8 -5672
23 50 9 -9932
23 55 3 0
23 55 9 1533
23 55 7 -8665
23 55 2 4
7
8 0 5 0
17 21 9 -8109
18 42 3 0
19 16 9 0
21 49 4 -1198
23 33 5 0
23 41 3 -9697
4
8 0 9 0
12 27 8 0
19 39 0 0
22 28 4 8575
8
8 0 8 0
16 24 1 -8498
16 36 8 0
18 45 4 0
19 8 2 0
23 25 8 0
23 54 1 0
23 54 0 0
9
8 0 10 -7807
10 14 7 2132
14 53 2 0
20 43 3 5749
23 10 2 0
23 23 7 9816
23 58 10 0
23 58 3 0
23 58 5 7856
6
8 0 7 0
12 43 2 0
16 37 3 0
17 59 5 0
21 15 6 0
21 21 5 0
10
8 0 1 -4081
15 19 5 0
17 24 6 0
23 14 5 1065
23 59 9 3982
23 59 0 2266
23 59 2 0
23 59 2 -7438
23 59 10 0
23 59 9 0
10
8 0 10 -3641
17 32 7 9224
21 3 1 0
21 19 3 4531
23 56 10 0
23 56 8 0
23 56 6 7265
23 56 7 3062
23 56 5 2402
23 56 3 0
4
8 0 0 0
13 52 3 0
22 44 1 8631
23 37 10 9492
4
8 0 9 0
16 43 3 0
18 8 0 9796
18 28 7 0
4
8 0 9 6566
11 54 6 -7210
16 36 0 0
20 59 0 5470
9
8 0 2 0
21 48 2 0
23 13 4 0
23 24 6 2706
23 41 3 4778
23 48 5 0
23 52 2 0
24 0 2 -4730
24 0 8 -9990
3
8 0 5 0
17 28 7 0
18 51 8 -1946
1
8 0 9 -6582
8
8 0 3 0
9 42 5 0
21 11 8 0
22 37 2 0
22 50 1 0
23 20 5 -7611
23 48 5 0
23 52 0 5511
6
8 0 10 0
19 17 10 -3252
22 19 4 0
22 48 9 -1969
23 34 9 -3898
23 46 1 -4578
9
8 0 1 0
16 31 10 1779
18 1 5 -6377
19 37 10 3501
21 10 2 0
23 15 10 -5121
23 29 1 0
23 50 1 3349
23 56 2 9733
1
8 0 10 0
2
8 0 2 0
10 21 5 0
10
8 0 4 -7289
19 50 2 4931
21 48 4 -2905
22 50 10 0
23 39 2 -8414
23 55 3 0
23 55 7 -8934
23 55 2 0
23 55 0 8288
23 55 10 0
9
8 0 10 0
13 13 5 0
18 44 8 -7404
20 33 2 0
21 3 1 0
21 18 7 0
22 23 7 -1866
23 47 9 0
23 55 10 4562
8
8 0 5 1225
21 47 8 0
21 49 2 -9949
23 36 10 -4850
23 49 5 -705
24 0 5 2750
24 0 7 3692
24 0 3 0
7
8 0 4 1444
8 9 4 0
12 21 8 -2866
17 39 2 -553
18 20 7 -9011
22 29 5 -7337
24 0 10 0
3
8 0 8 0
15 7 10 0
17 6 0 -916
9
8 0 6 0
10 0 7 -2024
21 30 8 0
23 36 10 8099
23 53 9 0
23 59 0 0
23 59 4 9646
23 59 7 -3936
23 59 4 0
2
8 0 2 1190
22 37 8 -7008
5
8 0 10 -7494
19 8 9 5202
19 25 7 0
20 31 0 5976
21 32 9 0
10
8 0 0 -6417
23 43 7 -2345
23 59 6 -6300
23 59 8 -6813
23 59 1 0
23 59 4 7674
23 59 5 -7124
23 59 0 0
23 59 5 0
23 59 1 0
5
8 0 7 0
14 15 10 0
17 15 9 2452
22 22 5 0
22 34 10 -4820
4
8 0 5 8983
19 54 4 8570
24 0 5 3155
24 0 9 0
3
8 0 8 -1591
12 30 1 0
18 47 7 0
10
8 0 3 7721
13 55 5 0
18 20 3 0
22 58 0 3416
23 59 2 0
23 59 3 7920
23 59 9 0
23 59 1 0
23 59 0 6273
23 59 0 0
4
8 0 2 -1392
11 25 7 3104
12 55 1 -7154
21 28 9 9521
4
8 0 7 0
13 11 6 0
23 4 3 -2611
23 23 4 0
7
8 0 9 -6598
8 43 4 0
20 54 7 0
23 25 1 0
23 33 5 0
23 35 9 -6411
23 46 3 0
0
3
8 0 8 3464
11 2 3 0
23 27 2 3859
6
8 0 2 3871
10 53 6 -7848
14 8 8 -7591
20 28 9 -1616
20 56 0 5158
22 21 6 0
10
8 0 5 0
22 13 0 731
22 52 2 1700
23 2 6 0
23 45 6 1464
23 50 9 -5668
23 52 9 0
23 57 2 0
23 57 6 0
23 57 8 0
10
8 0 7 0
9 48 4 4128
19 22 10 8686
21 24 9 -8924
23 50 3 0
24 0 0 -1356
24 0 9 49
24 0 2 -1685
24 0 4 0
24 0 6 0
6
8 0 9 0
23 58 4 3942
23 59 5 -150
23 59 0 0
23 59 8 0
23 59 10 -5516
1
8 0 6 5261
4
8 0 9 0
11 38 5 4111
13 6 8 0
20 22 3 0
9
8 0 6 0
20 15 5 -7683
20 40 7 -1080
21 38 0 0
23 45 1 0
23 54 9 7414
23 57 2 0
23 57 9 -6545
23 57 9 7220
9
8 0 1 0
21 39 4 -1281
23 9 4 0
23 16 5 1676
23 43 1 0
23 45 10 7322
23 52 2 0
23 53 8 0
23 53 1 4127
5
8 0 9 0
13 49 8 -8228
14 18 9 0
18 33 5 0
19 1 6 0
9
8 0 2 8805
22 8 7 -4107
23 38 10 0
23 55 3 9719
24 0 5 0
24 0 4 2417
24 0 8 0
24 0 2 0
24 0 5 -3121
4
8 0 7 0
14 16 0 9531
17 3 4 -7176
20 53 6 9511
3
8 0 2 6628
8 1 1 0
23 49 4 -5902
1
8 0 1 5748
1
8 0 3 401
4
8 0 10 4926
16 57 8 -9374
22 5 8 5888
23 11 3 0
7
8 0 8 0
11 3 6 0
14 40 9 3669
22 54 10 7673
23 34 5 0
23 58 4 0
23 58 10 0
10
8 0 1 0
12 8 5 0
16 31 9 0
20 17 5 9080
23 52 9 0
23 58 1 -2212
23 58 4 0
23 58 6 -6287
23 58 2 1578
23 58 8 -2964
4
8 0 9 -6266
18 41 7 0
19 44 0 0
21 7 4 -6772
10
8 0 9 4360
18 41 10 0
23 42 6 -2366
23 51 10 -6985
23 55 5 0
23 57 2 5846
23 57 5 0
23 57 7 0
23 57 4 0
23 57 2 4251
5
8 0 0 7860
15 25 2 795
15 42 0 0
22 57 7 0
23 36 5 0
5
8 0 5 0
17 5 6 7291
23 55 5 9735
23 56 3 0
23 59 9 -657
2
8 0 2 0
14 50 5 0
4
8 0 5 3834
12 4 3 0
17 17 0 7398
21 2 2 0
5
8 0 1 0
11 1 1 0
20 12 8 5385
22 46 2 0
23 20 3 -508
10
8 0 8 -3238
20 30 3 0
21 10 4 6607
23 26 1 -8864
23 50 3 3232
24 0 4 0
24 0 4 -2780
24 0 2 0
24 0 0 0
24 0 3 0
1
8 0 6 0
9
8 0 10 0
16 58 9 1883
19 30 8 5160
19 46 8 4048
22 8 1 0
23 28 8 0
23 35 1 0
23 47 6 -2976
23 58 5 -9894
7
8 0 0 4174
11 17 8 1987
17 58 1 0
18 44 7 0
23 8 5 0
23 53 6 9377
23 58 2 -4221
0
8
8 0 8 0
12 32 7 0
22 24 9 0
22 47 0 0
23 32 4 0
23 41 2 0
23 45 5 3785
23 56 5 -5405
6
8 0 9 -7800
18 46 0 0
20 25 2 3104
20 50 1 -3726
21 43 7 2546
23 0 5 0
4
8 0 2 0
19 38 0 -6914
20 29 2 4561
20 35 10 0
5
8 0 7 8712
8 48 9 1150
19 45 1 -7074
20 58 6 -9324
23 34 9 0
10
8 0 6 -715
21 51 8 0
22 14 1 4695
22 37 1 0
23 3 5 -8805
23 32 9 -7261
23 59 10 6780
23 59 10 9866
23 59 1 0
23 59 4 -917
9
8 0 6 0
9 11 8 2797
22 39 8 -5403
23 21 10 0
23 33 3 0
23 42 3 -7213
23 57 10 0
23 57 0 0
23 57 1 0
7
8 0 9 267
15 59 4 -4330
19 58 0 6963
20 57 0 0
21 47 4 0
22 54 9 -4721
23 55 9 -4560
1
8 0 3 0
4
8 0 10 3347
18 52 2 0
22 42 8 -7645
23 10 7 2236
2
8 0 7 0
17 59 1 5356
4
8 0 10 -7580
15 45 1 0
22 38 7 5401
23 18 8 0
1
8 0 9 0
0
1
8 0 4 2591
10
8 0 9 0
11 3 4 0
14 19 9 -7055
17 13 3 0
19 51 3 -864
19 57 10 0
20 57 4 -2887
21 26 0 0
22 27 6 0
22 46 7 -4298
4
8 0 9 -6872
22 53 8 0
23 41 2 -8378
23 47 0 0
5
8 0 4 -7722
17 22 5 0
22 5 4 0
24 0 8 3723
24 0 9 -8111
3
8 0 5 -6666
19 44 5 -4294
23 57 2 -9612
6
8 0 3 0
16 22 2 -5170
17 57 2 1161
19 28 5 0
20 58 3 8926
21 2 1 0
9
8 0 3 7410
16 23 0 -7155
17 20 0 0
21 18 9 0
21 23 4 198
21 50 4 0
22 4 2 -8217
23 28 8 0
23 51 1 0
1
8 0 1 0
1
8 0 5 -1164
-1
